10
936
7256 5907 3707
7352 4611 4506
1442 9941 3529
8553 2932 322
8633 5218 8412
3231 6679 8635
5274 8583 782
6175 2716 2489
8088 6374 9738
8006 9900 1959
960 58 9960
2555 9025 6831
2655 1779 7594
990 6852 2220
8630 4119 2664
1314 9664 36
5777 995 7693
2520 1563 4134
7803 5277 2083
2508 757 7679
8018 2357 249
1619 6054 758
6811 9821 5287
3946 9259 9840
5913 3414 2004
7958 2893 7713
9479 2738 5373
1300 1352 4132
4072 511 854
7918 8682 4348
3473 3045 6704
8727 5191 6586
1451 6510 2816
7257 8963 6438
2795 2833 3261
8206 1960 9477
7360 4024 3383
6787 2852 9429
7569 8723 6124
5584 6454 4850
7222 1006 3206
5264 8977 1909
388 4886 9470
9114 8392 1580
7322 1615 8244
2506 555 8749
1305 7821 9592
622 586 5517
7470 271 2193
7565 6560 2099
8401 1170 4447
7675 9181 1463
8875 7973 9655
7728 2536 115
7723 5662 8869
4302 396 8211
5161 7738 4607
870 4142 971
6743 9081 7586
5864 4977 3433
2476 1424 6945
6022 44 4554
2380 276 6998
1617 3256 9744
3249 5440 2288
9415 2059 3482
4957 4420 783
8413 7570 2472
2121 3768 9494
1055 41 490
199 3376 9223
7389 1549 1973
2806 692 7692
3533 6667 7232
3439 5150 1616
6025 7473 4254
1908 5067 7917
9028 1302 7327
8730 747 4594
4636 2927 1831
8011 1741 509
410 8713 756
892 8409 6164
7375 7302 2875
530 1675 8900
8818 2286 3350
421 2029 4458
1898 646 1212
5238 4342 6687
2550 7489 3359
346 9688 2078
7751 4153 751
8347 6444 104
8136 6495 277
6225 373 1186
5961 4783 2435
1778 512 4949
7162 4003 6509
9263 3573 1286
2637 2873 6242
6685 2185 1503
795 3005 8274
3909 3191 2085
1838 6296 779
2046 2845 7844
5141 3332 2498
984 8346 2325
78 6631 8974
8631 2831 9104
3828 14 3161
9856 615 1854
1987 8134 905
6190 2534 6455
4185 9374 5713
260 6618 2938
3536 5609 2257
9920 8926 8311
1247 9726 9001
9412 9361 1919
21 4721 2052
3864 2948 4732
9805 6461 8868
8423 888 8906
1369 3001 9998
6223 9309 4772
5517 5003 5189
5799 2771 6620
4278 9556 3722
5494 9240 2836
3419 6771 8633
1578 668 3753
6805 2965 75
2226 3093 9770
9504 8600 629
5890 94 4127
5258 1824 7995
408 2884 293
7537 1203 49
3959 5171 3012
3299 3744 7747
1578 6146 5427
7219 1404 8388
2852 3035 1892
1852 6024 635
4593 7777 4762
2673 8375 8657
7088 1389 4266
550 1037 7843
4155 1895 5513
8417 3074 2530
110 4914 2988
2505 164 2674
9783 9130 2751
7955 9228 6499
247 7743 9148
2518 7625 2975
5279 8761 8220
6459 792 7122
1110 6483 5293
2401 1888 5870
1109 3294 4439
4528 6979 9044
1669 9281 2658
1006 2160 3916
1793 3618 4720
2181 866 635
2551 9439 2174
1755 9324 781
7147 384 5352
519 4384 1078
4437 7824 4423
798 372 9397
5012 9566 7806
2712 9510 2072
2333 430 2636
1183 3708 3189
4058 1224 444
9243 4652 6286
9256 5355 2362
1432 2507 217
524 9902 2033
4160 8800 794
4380 3833 6810
6492 7352 991
4459 3697 8432
1281 4133 4100
2386 9591 2141
9461 576 3833
4866 9626 5017
5229 2878 3603
1384 2879 3835
6706 4459 5413
823 6811 230
3651 8651 248
3833 29 6264
2256 5680 4524
8611 6969 7913
2563 8707 9995
9515 6162 7688
1511 8357 6106
2542 4616 853
1778 9923 7321
6250 4473 2789
1223 60 637
7839 2649 9994
2555 1094 2973
9364 5880 7727
8548 6667 9472
6451 4625 2197
9614 7317 1374
246 1579 1539
4432 5387 3385
8188 1739 8392
9346 1634 8649
1605 3613 4399
2439 9492 1954
4220 1617 5910
3645 1392 7295
4239 8968 3782
4623 855 4612
674 38 866
4824 1301 1857
5058 6750 9055
4113 5548 393
6165 8086 7129
1836 451 8059
3501 9495 6627
1730 6269 6547
543 8593 2668
3121 979 5646
1623 3085 6775
8023 8547 1369
9595 6245 3
8583 6739 1058
9902 3094 5366
3544 2799 1602
3602 2108 4111
501 1170 1243
9761 354 4371
1987 3212 6356
7427 2821 2399
7394 4586 10
4671 165 1598
4724 8724 5405
8178 582 1781
817 2862 2342
2081 2406 9717
4114 5393 6483
5346 2017 8538
1266 8629 2252
6342 8216 8221
2892 2213 9705
6870 8678 8768
9750 7125 3268
7023 6936 2401
389 6267 9282
6917 2345 1270
8018 1219 3301
634 5768 4059
5838 352 2522
7324 2788 6210
7831 330 3148
7395 5386 2945
7027 5117 1010
6169 8399 9066
1632 8394 5112
4887 9328 434
7496 5031 940
6021 8590 2340
4573 6852 6729
251 8867 2721
6691 4488 7751
8130 8652 8175
4079 7620 1593
8910 9954 593
1645 6319 4989
4469 9078 1154
6917 2030 2283
8090 2413 8594
293 3926 4234
678 2027 4419
5477 876 3986
3760 7345 636
548 3779 8622
3958 4769 2858
3246 9670 8916
4149 2934 7194
776 5026 359
1120 1738 5240
7949 8899 8416
9096 8439 7128
2378 3568 7336
1636 4392 5827
6637 8736 3293
102 8897 7120
1410 587 9902
7312 5598 9683
8436 1392 8389
144 5854 2833
4206 5177 3491
688 2665 9698
5995 5203 1744
2315 2628 7570
4558 4471 8003
6264 9118 336
7982 9449 533
472 5753 374
1458 1187 431
5679 4261 2132
1956 6937 1342
8358 4793 8736
1367 9564 3600
8542 1861 9802
8272 573 5290
9925 6171 1689
3567 504 3230
2618 849 4569
2824 9281 1273
6988 2127 6928
432 8599 5104
7839 8114 3605
805 1612 851
4510 300 8194
3311 3542 8229
5262 4326 8869
3756 5358 1033
9464 3496 2090
766 1383 9955
168 362 1014
4396 8571 335
831 4089 7355
4499 5343 9216
603 1603 6800
264 9847 7224
1112 6891 8348
1866 2736 5727
7789 5378 4439
8070 514 84
6936 3874 3812
125 7257 3453
9527 8169 2101
56 1943 9320
829 1986 3558
5505 2378 7244
3828 9736 8455
8458 6496 9501
1100 7708 4142
4853 2717 6046
938 8300 8165
6429 92 5274
8077 5947 2509
8454 9362 2037
2696 4713 4614
2579 2116 6901
9173 1183 641
8597 1578 7562
2929 8518 1059
9371 1450 2711
1651 2489 8057
1837 1222 1820
7369 8298 5898
30 8484 3711
1549 1416 889
591 5153 4890
638 4294 7095
6075 5432 6569
6555 3106 1897
9904 6156 3812
9689 1058 9727
8431 1432 4047
1476 2134 4802
7764 5977 2590
9445 3387 6813
232 9663 177
2664 2625 5580
1420 6969 3798
2446 5260 7825
2732 5901 6032
6382 6478 706
1469 2730 9176
3342 7979 6277
9044 32 2785
9168 4787 3943
8322 9756 7343
9573 7 1266
9918 581 5103
7140 4121 1646
1284 5427 5582
8471 1744 8179
5170 3758 5440
2044 1531 5396
840 3891 4878
9803 3015 9160
8212 6019 1821
1425 2259 5809
7162 2375 7946
1377 2936 6862
9164 4862 107
6699 9537 9695
6040 2738 8345
9972 1172 1886
2738 9153 6766
100 4316 8266
4192 9706 4267
737 1346 7619
1309 971 4800
238 6621 1961
1134 4609 631
5798 4968 4576
5676 2380 4846
7699 8504 3421
5712 2070 2611
5502 2358 8834
4389 9750 2596
5692 318 4184
4060 5052 9781
5068 3860 7473
1822 4581 5609
836 6417 3871
5188 362 7657
5895 3788 1614
4346 48 9420
2478 8631 3587
2839 4308 19
4918 2281 9304
9702 9008 1280
2419 1474 2748
8587 6759 935
2508 1969 5214
1235 2065 5094
7121 6798 632
5417 3323 4150
7670 433 1356
5318 3575 8665
8881 8476 147
6153 5556 27
579 1256 400
3614 3298 3775
3609 78 2807
2751 1097 2150
1843 630 4589
1460 2470 9214
9810 8547 9814
5734 1482 3159
6659 1685 6899
2153 3684 7660
5066 7636 8054
4699 3355 8543
647 3063 1901
2412 798 9115
1052 4111 1005
9980 9798 8739
3849 6049 5579
8826 9114 7315
9534 9684 5054
3442 4689 1330
8418 8024 6816
4843 7156 6482
4861 8190 1667
7867 44 5993
5592 219 6863
2729 7529 2945
9845 1699 8234
2028 3278 3091
2839 6017 9490
83 9233 5176
2259 8639 7413
7319 1552 998
6323 5635 7708
7907 9564 7380
350 1452 7325
9385 5066 427
6796 7100 2960
2140 4577 183
5843 102 1207
7687 925 6589
6227 2287 8833
9063 2836 624
3921 1422 555
888 3905 7093
493 9641 6892
8159 1622 4092
341 1980 3297
565 1904 1669
8389 2169 4355
3738 3538 4253
3479 2938 1325
4336 2851 2707
9800 1868 8635
7403 341 665
9140 5806 2476
467 412 5912
7899 1517 9352
8357 7230 7541
3342 2327 3439
7642 4644 233
9327 955 5160
6066 8070 3346
4737 331 2520
5522 3238 1732
2729 7548 6622
9220 3714 4520
3415 1552 2131
2994 3515 4574
5131 3 8464
4890 4519 7650
6223 8169 9943
6346 4040 9948
1031 8270 5827
9511 925 3834
5338 4243 3022
1051 7701 7632
7046 8706 9542
3423 3015 2325
2391 6303 6481
8775 4064 4406
7444 7402 589
4019 4162 3985
3791 1762 4104
2218 2210 8479
1278 5132 3679
5198 317 382
1251 922 7184
1545 2496 3069
5807 238 3058
8800 5400 6922
5300 7427 1822
7337 1220 2143
3703 9049 8149
2954 1136 8001
6420 7819 20
1057 7069 6366
9197 6139 7054
6858 9018 9331
6044 6305 4017
6084 3509 7976
7879 6355 4630
6472 2750 6519
6974 948 3854
1721 9218 3709
2536 2584 7442
466 998 1024
1612 3787 8039
4156 6880 1095
2074 6138 7860
4917 2184 4447
6489 9328 87
5066 109 31
9116 2013 2530
7804 5617 5497
6398 178 2503
2633 6245 13
7165 3298 7317
6701 6242 1657
4480 8875 520
421 7375 7727
5866 6839 8420
6241 5599 3288
2625 6398 3599
3970 5175 4125
1861 9953 226
19 5190 1739
243 6868 7185
8381 1486 1387
6999 8328 4518
3324 8701 7341
5157 3992 1648
8933 7712 4448
4328 100 8665
1534 4368 3310
9719 9216 100
2442 5764 5158
9612 422 6070
2095 6057 1163
1488 7326 8990
2483 6409 9923
65 9209 1838
7 7137 3328
9219 4808 4665
5126 7551 3974
6150 9577 185
7501 8022 6395
9214 3492 4738
6130 4037 9109
4494 6004 1364
8271 4686 433
6019 2040 3771
577 3649 5270
3734 5088 7015
8832 4107 1302
8666 2688 9162
2012 1509 5756
7955 3020 6838
1653 6096 3240
1975 9216 2311
1646 1376 3940
7583 4347 2891
2626 2547 9309
6889 3547 8326
669 1619 2079
4790 2109 9762
5378 7411 6782
6147 1412 1330
2374 502 5009
237 5824 1398
3302 3965 9075
8462 5557 2203
4392 4089 5291
4835 9350 3451
112 4362 3456
5534 766 1793
1570 8656 6789
5930 6984 235
8719 8059 6752
9364 5968 1969
2112 7497 144
4087 5355 4085
3084 4087 9360
7589 3225 3712
5187 832 667
777 9297 7714
6229 3765 9790
8762 7633 775
8177 3589 2579
4391 66 954
4601 7126 7266
2984 870 4718
3628 3612 751
9806 507 584
277 1365 4621
3824 3493 300
5430 3558 4924
601 183 3561
7358 6257 1777
3545 7481 3982
4005 8399 3557
8097 6141 1483
4496 9770 4816
4173 3223 1414
3250 7784 7111
5688 458 5587
7301 6683 1561
450 5658 8534
1176 2133 6916
3249 7200 3888
1337 663 3567
4891 5917 7229
522 1370 2389
562 382 1263
4972 3063 2700
6510 5047 913
9893 4882 2309
4701 1553 2222
2361 8435 7270
1927 3226 8110
8023 9312 6106
139 7067 6453
9030 1728 3584
4701 3806 3055
7871 8746 3670
1626 897 7138
7756 6985 2355
7763 235 154
6198 1922 6847
4121 1819 2149
249 8225 9213
2034 4406 2753
7822 4711 6219
5986 6503 2748
7587 616 5370
7782 8493 4999
1274 957 4031
184 3358 5888
1536 7100 5985
1815 7749 8512
7646 8681 2378
7537 970 719
3971 1794 3538
1352 2307 3724
9079 3231 460
1254 4279 2363
120 7637 5262
8469 553 9733
1725 9279 8172
6152 5561 611
7123 7471 9191
9161 1042 5479
4887 7709 4890
9654 1390 6432
6389 9686 809
1390 1505 3152
6542 2081 5201
6717 149 2164
815 6729 1288
2490 5303 649
6503 9007 6608
5966 8671 2367
3644 5275 5019
7334 2371 6132
2939 72 762
4103 8116 610
458 6367 4648
2128 1886 5974
1224 5440 1740
2443 263 8439
5128 6021 81
8611 5734 9143
4380 9905 1855
8404 9582 368
9509 8436 1983
7990 9226 6536
7120 9025 3870
5594 9932 7760
9832 169 9630
6451 7063 20
1875 5648 5816
7652 7266 5784
6379 6783 2393
681 7778 138
953 2341 6218
1183 1172 5971
7085 6496 5334
5685 8950 5706
5971 9833 4662
5085 4511 2564
3943 11 7124
2700 7040 7487
7647 6100 5544
3313 2091 4734
558 1239 3971
2460 3064 861
8162 8167 5610
2824 2733 9924
5258 3447 723
2036 3506 1995
3636 7594 3589
7609 8624 3779
9974 8494 6049
1585 5349 562
1708 2168 843
4560 404 845
8504 1365 2224
3259 347 5383
3453 9224 4706
2968 1623 8119
7762 1499 7236
1807 3401 5414
6769 3133 6226
1896 1457 7941
3034 7773 8947
3151 2481 2912
3412 3440 578
1232 4870 6597
5574 9526 4095
279 7093 8598
484 204 9263
6916 9703 1914
7595 3433 9726
610 9982 9942
9783 1162 8190
8824 3129 6219
823 2893 1388
8796 9678 1941
9228 5295 1540
4397 2650 7307
7341 3768 1364
6009 6881 895
5125 4915 5507
6315 7280 1658
5856 1439 3865
2615 8298 2235
4117 5508 8262
4895 1347 219
4083 4077 3435
4831 9997 163
1270 2667 2720
2087 1629 5016
8224 8803 4519
418 4360 579
4222 1789 2738
684 3473 8420
3191 1168 2319
9682 2087 335
5538 229 2730
2864 1706 6287
6968 784 2876
3471 8391 1802
266 3375 4099
2569 3060 8319
3731 5690 8656
2115 5482 2996
8070 3912 586
8956 1455 8541
4928 6117 7600
560 8604 6469
8801 8038 8911
5710 707 510
9098 8570 8496
4536 5124 2376
5621 2194 1084
2983 1998 3812
3216 4720 4049
3645 7790 3578
5790 1949 9849
5704 869 6629
2575 2165 2792
9595 2088 8178
1539 6562 7473
9919 857 4778
2345 9433 4001
4836 3467 1203
1745 6424 1038
8760 9193 5850
9994 415 5667
5371 1420 816
8377 5836 8939
4631 2296 5000
5964 2455 2468
3618 1267 3552
733 3213 3851
8739 9696 5483
8584 3733 7632
9560 2779 739
6518 743 4741
1190 1974 4333
5711 6967 4549
4797 506 1492
9240 9428 1507
1059 1359 7350
6121 1814 6514
7321 3698 3551
5594 2592 954
8598 1011 5658
9310 74 3200
4989 232 8869
608 2732 4764
5154 6272 6577
1810 3939 8865
5351 8420 5838
235 5415 1723
1688 2674 1877
4678 8149 4280
9372 8523 3998
3779 5528 1936
2740 576 7234
4251 2756 1848
1761 2121 172
1826 3454 1437
8877 4186 6377
7913 5825 2513
1915 3953 7567
1460 2795 1086
7836 8033 7173
8817 4 2839
7272 6233 7434
9677 9807 9702
4028 982 3746
5598 3371 4724
4158 321 5081
7067 3410 9928
4916 4071 5707
8275 8482 3969
515 5955 8941
6061 2101 4485
4097 6711 4596
9280 6643 8464
4252 4609 2341
3843 5545 6213
8823 7101 2167
8358 1504 7148
186 3146 9726
4951 3791 2505
3642 9071 1075
6589 1583 8965
9474 6062 3932
1692 9570 1359
6648 4591 6866
2115 6454 5110
2381 9253 1625
6325 9107 1190
6202 4614 1577
7751 7895 7657
688 2346 1358
6184 1652 724
1371 2576 5526
902 3502 1853
6028 2556 1985
7108 4855 7717
7000 7239 5077
3205 6201 8389
1353 6183 7406
8496 1448 2663
857 6083 4596
1391 2887 3572
6718 3136 7704
1350 6776 2547
2511 5650 4473
624 8213 295
7412 7568 4786
3231 4523 3598
6926 4516 32
4755 7989 2835
5869 8306 1066
3823 165 48
8589 7274 810
7336 3775 7744
7887 5823 9765
1012 2705 3123
1916 7054 178
4633 797 2165
4438 1928 273
7322 8882 8976
8230 7749 7137
1071 9234 1397
6793 2149 1767
3874 6830 2806
8264 68 5509
4512 4251 4713
8588 813 703
2755 776 5307
5120 3665 4142
1195 2665 1888
4694 7735 5818
3904 1453 6087
2634 9019 330
5573 2062 3268
515 6064 6410
1869 8273 6446
6823 6844 8354
8726 3206 9694
509 29 5252
667 5787 366
2623 1917 7940
3343 7544 5276
5079 8290 8489
5531 7535 4394
593
1433 434 1295
6174 848 5723
7347 1282 2498
1067 629 1849
4325 2667 5430
8865 3884 4357
2683 8619 1881
4 466 3145
9151 9881 7512
8889 7773 5455
9498 49 2120
753 8027 7611
8871 4923 821
7763 5621 1391
3491 1774 2802
6985 2191 2734
107 7668 120
8452 9340 5326
3350 6997 595
5017 6161 5871
3975 2052 9662
6829 9625 2938
683 730 3033
1081 62 2115
700 8518 4088
224 972 5183
4416 6580 2209
1904 622 5410
7087 3722 6900
5347 3520 785
9844 8037 9299
7269 6014 7206
9860 2356 728
7634 1823 6925
3380 6521 5535
2776 2396 7157
3308 9893 5793
9226 8069 7778
6404 6574 2073
9760 8372 4619
9612 7544 5674
2243 8600 4730
7570 5092 8210
3367 1131 7612
7887 1632 9743
8878 5703 93
9895 3557 2281
1267 5129 2441
8879 9904 8420
48 3714 7224
142 5879 1105
8486 6731 9136
895 43 5697
1806 1675 7002
8058 4815 9107
5288 4937 3418
2859 926 9568
9737 8987 3137
9122 7096 9143
4659 3589 4959
51 811 2474
4828 6310 9635
367 7621 7662
800 6884 3309
7797 1591 4718
6116 4755 8270
8169 84 9204
6865 7601 5961
6986 5783 6818
4240 9446 2324
3102 8692 1587
5503 9679 7349
1316 2614 5438
7626 1776 2737
2739 2968 1898
1061 7518 9411
3798 9099 2694
5156 3016 9568
7216 1820 3999
1469 9618 2329
8147 473 6888
2422 2987 7198
2262 8424 3826
1881 3999 102
5802 1878 2758
4328 2609 9404
7140 6387 2132
1045 5193 7859
7585 6289 374
9627 4673 1675
6810 1690 4150
5052 843 8350
4145 8238 311
5981 1016 1956
9612 2561 9238
5160 3253 7268
179 8980 230
2525 9813 3830
1930 9289 5047
4350 2234 3790
3353 4329 33
7291 5208 9299
5134 6932 815
2953 1802 7053
1678 8493 107
2469 8507 8733
1192 1845 1558
9445 477 3256
9362 6388 9825
717 5312 6669
7766 8667 1309
3808 1585 9814
4080 2056 8667
2415 6749 7653
4295 1616 9613
1677 9285 6615
6961 7966 5894
1058 8084 8824
9233 8877 7457
4105 2613 2520
1606 1768 2368
5181 6743 6470
3344 736 9606
530 9080 7304
1553 9564 3237
1517 236 2828
9681 2818 7649
212 4568 1476
6101 5203 4890
9635 7709 4348
1920 786 3232
5462 5713 8042
2015 5125 9543
2788 3938 9225
2750 7894 69
7893 9197 6012
1204 3330 5337
4379 7778 3733
6774 5379 800
7807 111 2339
651 5396 24
7938 4503 1935
6209 1915 9179
1795 2302 5031
7005 8244 4789
1506 4064 1063
5096 6231 9019
4632 1795 1165
4252 4315 4424
6918 2381 7621
7993 2053 3749
5819 3254 6576
8578 971 1000
6327 7221 7722
8861 6708 2047
525 7349 947
9467 9484 1739
6244 731 6548
7801 1294 5368
8653 7317 4886
7124 6763 3136
7632 6930 9560
1362 3941 6393
6882 1502 3527
4821 592 1579
6161 1150 1835
5781 5586 9133
1707 2289 9227
1164 8960 9137
1142 7421 2658
375 5482 1854
7419 7180 6189
8747 851 915
217 2196 7884
2330 4018 2049
7311 7937 214
1412 6310 1407
3046 8382 1036
2257 1301 6756
114 323 878
2563 9764 868
5083 2242 139
4965 8627 215
2068 4675 9155
6316 6721 2373
401 4211 3998
5000 6493 472
5382 8121 7512
1158 2759 578
4921 6189 8324
9081 4462 5411
6010 1189 9168
3432 2773 67
4107 2046 3107
9448 7452 4088
7273 6487 2459
2466 5989 485
3867 4818 6084
4716 5888 6638
5844 237 8256
6990 1965 7401
4109 7507 492
1618 626 4953
1536 7565 2812
6344 7544 7163
1979 9697 716
1032 2073 8743
2300 1699 4778
1483 1046 9792
8869 5389 5708
4874 1346 4464
7780 1549 292
94 5986 2019
5289 1339 2707
4044 8719 2142
5403 3172 5945
2333 3826 6640
3843 825 6699
9369 1842 2506
2965 5148 944
444 2517 481
8870 9994 8115
8219 42 8569
6180 143 2556
3209 5400 7592
1292 935 8693
9642 5502 2806
8980 7142 1696
8960 9402 5502
619 4312 138
2394 4856 6225
120 3705 2917
2740 9841 1148
3112 2494 5050
8863 308 8952
7094 6729 6554
1148 8636 3863
1441 4164 8616
7876 2280 324
4305 8299 7468
8331 923 8032
4374 2390 1582
8012 2982 711
966 7271 1350
3892 252 3403
2760 3042 2565
9783 8785 2595
138 3777 6426
1070 776 2912
8805 9022 2824
8312 9997 3773
4817 1143 4289
4451 9181 1984
434 6921 2330
566 6555 1715
354 4107 4305
3262 4957 8281
6058 4790 2853
4145 3299 3196
6330 7827 2733
3317 4519 2909
2151 1462 5845
4007 3186 3150
1646 4862 6817
469 2069 8207
7087 9076 6980
9207 6742 2405
7478 8024 1933
6941 7350 383
2305 6294 8984
9700 9320 3938
6471 8418 818
9996 6398 407
5136 8929 2458
8238 5546 3760
2223 1643 5099
6014 9899 6519
3744 4877 8936
781 3761 5182
1718 259 2799
3892 5272 1581
9311 8539 6670
9678 9221 8521
1699 97 773
852 8776 3288
213 6980 6592
1058 8231 5034
8093 4514 9158
97 971 2589
2687 9811 2188
6661 9843 8367
100 8020 9
3402 7861 490
3529 2260 9806
2635 6214 445
1439 4611 9051
3624 113 2604
5146 30 2532
1249 1473 790
824 2691 5343
8051 5279 7596
4837 9871 2899
2306 4207 2807
6469 8703 7317
1446 1606 5246
4141 6166 8809
3624 4932 6036
552 9472 8301
1828 630 9900
1049 8534 3029
1830 2152 2359
2889 657 9358
9098 7005 6463
1257 2424 900
5586 6034 694
819 2194 5490
631 157 2399
5367 8801 5742
2520 1176 6484
6253 1531 1189
7144 491 7789
98 8278 7201
6860 2389 2826
282 6787 1534
7623 8780 9230
9767 6860 9533
6479 9452 8918
2275 9824 5277
5350 9116 7946
5506 8676 8015
2325 4302 9284
8947 6017 3350
2120 8543 6805
4788 1142 6194
5542 8135 5164
8644 5610 1549
113 9900 7068
1780 269 7331
979 9758 9659
6936 9615 6819
2782 5446 5284
2971 5395 6963
4538 940 1590
4763 6211 352
1911 9341 3727
6251 9805 3779
8589 748 3931
1368 7203 3714
8083 549 4991
3009 6249 8300
2895 8900 2873
57 9598 7189
4764 5941 9040
4619 1318 7389
5920 9220 6307
3315 3847 1027
2164 6691 1616
2443 7877 57
6090 285 993
2529 1646 2174
5719 670 193
9325 7182 5344
8508 6051 4455
2880 2250 9932
99 7165 1890
7237 8821 1148
9910 9703 8088
6331 6027 819
9284 3847 4442
7549 3485 4159
3078 734 3677
6040 1583 3925
868 5714 8678
1598 9309 7611
5634 678 1954
1283 2434 6590
4482 4864 1892
9470 4818 867
8278 235 6034
1754 4475 2587
8049 1703 9312
5113 7348 305
2479 2325 6019
7561 3588 510
5780 32 9390
7218 9533 8919
6520 2405 4404
391 1273 6848
2057 2147 4408
4156 4854 90
4372 735 1333
4481 9956 9142
6195 1121 426
2404 9956 9260
141 1338 5335
5638 9687 8168
715 5698 7164
7218 7474 3722
1036 6614 3669
9539 3883 1757
7480 768 6591
3888 1376 7190
9737 8526 1298
48 5544 3067
3085 2867 2058
43 5515 8293
2501 7631 2004
6458 3573 9902
8660 911 7366
1800 446 3323
213 1319 1729
1298 6786 6663
8682 9276 4041
3608 1513 3174
3921 4242 6584
9655 8179 2760
1642 3621 1471
9039 5137 5256
4540 5041 707
6384 3488 9229
2877 5763 335
8530 1496 2026
7654 3004 683
9404 602 7677
6241 491 7612
2416 7485 110
768 7498 7883
3918 7279 1313
6009 9829 1210
6322 2438 4627
1359 9518 5609
2803 3537 3717
149 6126 5091
5110 4508 2687
3973 356 8193
6519 5714 4029
819 6705 6137
6904 3415 8776
9339 7165 4676
2663 2612 378
453 5730 8910
6002 219 7908
1458 7384 8209
6840 9265 669
8676 683 4898
6982 6162 1378
524 7618 242
56 1254 6571
6261 5083 3036
330 891 9928
2901 2944 201
2611 5572 8578
7977 5452 3628
4676 8435 5775
6311 3930 8635
2474 936 1995
3947 788 5839
7207 9106 1068
8206 1194 2221
6399 794 33
4101 2543 1348
2701 2137 1024
9512 934 9853
9028 1925 2609
9667 7370 6638
2933 5066 9747
305 7242 1428
3301 6966 5075
7692 1555 8666
110 407 8045
1005 7594 7914
9571 4040 1896
2797 9552 403
9477 5439 4213
582 5607 1290
8899 6622 8437
7271 13 803
1980 4565 7534
7944 63 8743
8087 2194 8367
476 6475 5260
1516 99 7598
3258 6794 4797
2379 9421 9943
9557 261 4487
8268 8766 4929
4143 4995 7021
3394 5351 104
7095 469 8780
6498 3627 5374
6238 4580 8163
5442 2193 2399
3655 9655 866
1691 2994 3753
942 790 8425
1182 880 9835
2570 6700 5817
3718 241 3065
4757 5687 529
9155 6523 8037
6177 8418 7829
3078 9748 9835
1938 3564 2974
5222 8312 9362
1092 6290 3613
2567 3491 1895
9352 8650 2019
4444 6996 1207
2557 346 2181
9136 7995 6241
4189 1056 7152
362 1889 60
2056 6300 600
7659 9376 2995
3236 4456 6105
2670 4820 245
2057 2071 7384
8769 4211 2297
4535 5085 6520
8541 5902 6572
398 4437 762
2954 4240 1869
2920 6367 2454
8159 250 51
3878 8118 7325
3492 2827 1173
6217 9189 2197
7832 2041 586
5089 4459 4027
4001 6075 7402
2090 3219 9185
4825 9498 460
9289 7285 8851
246 7158 3258
2 5437 4423
487 156 5935
2129 7375 9893
9186 2302 1745
3809 2970 2838
5194 2568 395
397 8665 959
7244 9116 8548
5156 253 3844
7401 4426 122
161 7815 4934
1232 5884 910
1961 3120 2659
756 2208 2114
7069 2826 2760
5595 4488 7134
5990 7730 2822
514 4454 3152
8264 9581 5697
8342 6377 4993
2277 755 8766
5341 8864 8645
7291 2179 7020
1024 1914 2556
3794 2573 1513
379 8552 6613
385 5744 6092
2191 3614 350
3030 3926 5244
270 3353 8990
5054 9285 2923
2616 8053 484
9878 2676 143
6303 269 5798
9629 5152 5714
1725 8650 6316
1495 3280 5881
6550 1716 2057
7198 4787 569
6118 4752 7486
9092 4718 2205
1485 3701 5282
1950 5188 6496
9348 93 4504
7299 8235 9925
6518 8841 1751
2888 69 2558
3027 7942 682
2132 1097 3229
1354 3301 9226
6492 2005 2618
1837 7085 6481
2603 5736 4930
9765 9816 7405
9727 1687 4984
999 9160 9160
4479 325 8332
286 1221 2390
5778 4866 6421
334
9987 636 2580
4616 1785 9131
7907 452 5878
1145 9973 1139
9240 1823 8597
7689 8556 1973
3618 9697 9776
3948 972 4447
8781 2064 8692
850 213 3128
6863 4121 5449
5823 7644 6600
4190 2536 2134
3387 7233 8798
4043 522 3209
106 1406 3757
3020 7000 8618
6274 7524 7356
9864 1069 9427
4177 7459 2527
9845 626 4474
3530 54 7629
1781 8595 6116
8724 1212 25
8421 1974 2629
326 1244 7886
4476 2964 2024
3786 4983 1153
8701 8687 6971
9238 5159 154
3433 6180 3820
9818 4541 7424
2866 5980 7241
1425 514 7031
861 3543 9179
9658 4202 1630
7225 9571 9383
9219 5863 9634
8371 8327 2914
4540 6844 722
560 2740 4880
5210 4594 8759
1089 4691 5414
7254 318 6089
3648 9626 1
2604 6169 51
6819 155 2184
2401 2598 3621
4529 7223 4020
7499 7547 2653
2772 3850 7143
5589 2414 424
701 1104 4111
5245 8921 1506
7966 9924 9558
4275 751 6897
5753 6103 3656
1797 9394 8145
7635 4896 2174
2291 5060 7478
1601 8057 9547
5206 5042 9879
1771 7271 5687
575 7868 19
3235 3544 9487
8745 1133 8811
7809 2669 2915
1680 5777 7091
8206 5241 6740
8956 2647 5949
9737 7248 3547
4152 7929 9629
5163 464 6577
1374 1943 6491
2595 3744 6204
4624 3770 1937
3500 9435 6301
6121 637 9861
6597 1214 1284
6659 3666 8274
6723 9597 3115
7664 6241 7170
2949 1288 4265
5882 2807 230
9638 1004 2795
6634 1533 5218
5894 4595 8939
6873 5628 8317
7761 2941 4654
3981 6301 8197
8133 9114 2107
11 9220 9759
7547 3407 8377
4302 4341 4956
1556 5975 2251
6330 6171 9929
8157 2246 7757
3688 6435 8527
1157 3040 1126
2434 3602 2617
2544 6793 1365
459 6198 4255
3354 9204 8642
7527 1179 2120
8774 4653 9041
920 9342 5821
4700 1430 9173
4612 6373 3592
6587 788 2530
2331 1733 1835
2218 1753 7077
3909 3322 3390
556 3073 4247
6312 6781 8722
900 6445 644
3927 3830 4786
8247 7357 9094
7193 7372 2132
3879 554 7771
6719 2586 325
9205 5552 1630
3430 7509 2147
5467 1706 901
3657 209 8802
4229 88 1980
7238 9960 3713
2379 3628 6847
2723 1569 1529
9706 2142 7531
8230 7211 1146
1204 8343 1166
2745 8086 8792
7527 1402 8001
232 8186 5183
4673 9035 2096
4786 1434 1019
3657 5859 3495
9215 9101 2693
7541 5310 55
5658 2473 3221
4372 2796 7001
7032 9400 6254
8489 9158 1363
9938 2628 352
4754 508 1726
6779 9272 6038
6712 2563 8367
4197 3876 5186
2281 7484 2233
2130 1996 2912
3433 8463 7566
4925 9025 8065
9852 903 6560
3256 1025 3314
4252 8937 2646
7238 9506 6441
7957 2669 2300
4903 2114 7311
9800 2590 8668
1841 1302 2138
3264 585 3026
7068 5647 1925
8899 1369 8161
732 1139 4456
138 5460 7585
3883 8060 9430
2339 7069 6429
6336 3119 4862
5387 9161 8204
7115 2157 570
7444 9281 4059
107 6221 6786
785 2716 8681
7897 6896 693
4490 763 7333
5903 7770 9648
9662 2053 1370
7888 746 4293
1129 289 5601
3996 2840 9088
4420 9617 6555
2989 5974 1056
3106 5548 8459
122 4697 2393
5552 6026 2925
7596 1787 1468
4224 6173 4740
3129 5631 9994
276 3862 9794
7287 1564 9742
883 6245 7674
7756 6035 3718
3064 3294 1657
3152 9158 1495
9244 5088 553
116 3412 7777
1523 4577 5099
4429 8580 3292
6506 4658 4929
730 5777 8521
85 776 9095
3731 4678 1061
7555 5717 777
4831 2202 4038
2216 2555 1658
2775 8019 8329
5270 3234 5109
3255 51 1941
2328 6228 3266
2257 699 648
7248 2142 3827
6227 2122 4098
9808 1203 5989
1490 4258 8426
7420 2824 7515
1854 8939 501
5463 8019 5708
1608 8889 8358
4704 8960 7895
1003 305 6111
1354 2202 6645
7327 7919 3365
1429 9001 9681
990 479 100
8346 3286 7881
8763 1015 777
663 4339 2860
216 1518 9643
5288 806 8954
2292 282 4200
8829 4179 6740
6807 6841 7044
4415 9752 4672
273 4224 7758
6138 564 2041
7837 9271 2986
915 3538 9605
1384 4346 2402
148 1490 7273
7120 5896 9769
9720 6083 3471
3525 7251 1479
516 5284 5069
1090 6323 7154
4981 1674 2349
6761 1272 6950
9630 9562 7031
7186 4510 2525
6522 2343 5861
5942 1124 9418
5667 7481 601
8900 3983 9694
6590 8834 6317
4296 3024 7837
8741 3523 2968
4044 4466 2524
1661 7481 2120
1670 6955 1602
1162 4138 4611
417 6347 4734
3666 2654 4371
2537 9782 1347
6932 9030 6238
1552 8862 119
3889 9664 3871
7900 8050 3467
2111 8245 5763
7198 7788 2660
4360 7800 4081
6390 9069 4519
8876 5939 5034
1842 6848 5843
2741 8568 9544
9124 3753 2377
7037 9818 4663
9923 9850 3446
3402 4144 5341
2571 287 4157
7265 524 7924
8558 986 3241
1744 1761 5841
572 1444 4832
9441 6559 193
7691 1393 1137
10 5189 5699
5945 7578 1181
3324 6265 2745
3105 1252 5174
1643 1790 6304
7895 5178 555
9407 1373 6949
5702 4754 1522
1353 607 7232
4869 7007 2292
9944 6404 6422
1164 3976 7611
6259 7992 2669
1564 341 215
1212 9519 5934
3817 1313 349
4191 2231 4534
9559 387 3584
1015 9085 7600
5447 6803 4747
2217 5163 2245
9206 4951 9847
6963 4952 1256
1355 7543 1960
3769 3706 1485
7326 7888 4871
1052 7029 813
1465 1368 9298
7459 166 6839
964 5265 1231
707 8428 4550
8312 3231 7391
868 844 1262
6361 2820 8718
8256 7477 1146
6339 3678 1338
7466 1566 1096
2792 2507 2363
8109 3108 3260
3888 7867 6735
5508 7137 5768
9166 2430 196
5728 1750 5525
9364 4975 1254
892 2281 7473
2778 9442 9240
7064 5324 1555
4199 447 7133
8978 2932 7229
69 9814 9639
323
6152 34 6244
4777 1242 5674
8485 9374 483
5283 7912 9407
70 1274 2389
8514 7167 632
1907 723 6843
8436 7819 3223
1421 8777 6780
9935 7518 7769
1521 1551 3604
9394 6160 2032
2727 9329 69
4466 3664 2581
2894 134 7042
3301 6904 1515
125 4 5594
4167 8944 8851
1152 3129 7200
8232 9275 6173
1047 8542 8391
2783 8126 9149
2861 563 7181
7067 8282 6420
1538 5939 5248
4236 4657 2165
139 4500 5772
6159 5463 3948
1235 7706 4912
1757 653 9751
2457 1853 7271
9404 7249 835
3388 5402 7923
4907 4726 5025
8446 7468 3460
6118 4277 4760
6428 9987 87
612 99 3775
6736 9817 1579
2369 6257 3051
9836 3519 127
9928 9367 2859
2616 1410 6006
3105 7451 8336
968 6266 2327
6034 1723 5493
2116 6260 9659
1350 9490 885
9275 2543 7471
8568 6097 6062
8797 8842 2982
5799 2755 9317
5998 36 2690
8101 1701 7754
8683 2858 8075
8014 8143 7357
498 4216 967
2022 7141 534
4773 3165 1339
5460 8555 191
7468 2779 8123
547 5731 3400
7038 7678 9621
62 2121 8548
3601 5390 8924
1984 6472 7190
3325 1798 4127
5751 8629 6839
8226 7676 7113
5956 7276 7144
3708 6183 6629
7903 9043 238
8362 9208 1881
1401 947 689
3075 9351 2241
2596 1079 2428
4839 7641 7289
7605 6058 4107
5734 1471 7756
8143 5829 116
7173 1682 2250
2311 5539 8211
44 2339 3028
8353 2410 1151
4481 9366 3098
8389 30 9268
882 3476 8415
143 5899 5378
2685 9371 1282
949 7128 6999
7760 1620 1295
2011 9101 4777
4415 5710 1600
858 2057 7579
426 6328 5751
468 21 6968
5087 1383 6903
2081 696 2400
1467 3604 2269
9408 1569 9043
6001 701 6196
4331 1778 1610
3709 9587 32
9336 630 5994
5183 4172 5026
2300 8540 5299
5355 1510 9101
2692 540 2234
668 9045 5521
357 7716 8161
5723 5487 2284
2632 872 1698
8165 7271 2194
5951 4655 9417
6038 1997 1249
3198 8137 3171
7656 4860 7062
2488 6703 259
6027 1129 9408
1637 1573 1595
4874 4582 4008
4290 452 8640
7972 5057 177
9098 2436 4579
7108 8746 409
3769 4805 8569
54 84 1700
7078 2317 2102
7166 4461 5963
228 719 1433
4047 1167 5927
2007 1216 5428
3231 5966 8432
864 2173 7740
7915 4919 8934
1506 8309 5799
3972 9203 5603
153 7528 1273
280 8296 7170
6217 243 2500
9423 6616 4887
6969 6001 3245
7740 380 1605
4312 6868 2390
4850 1620 3248
7925 1006 9882
755 3231 5349
102 3511 3688
3020 1997 3791
741 8034 9759
4365 4113 6904
6762 9717 3089
4867 2719 5106
2132 352 7545
7112 1869 7383
778 7577 515
9683 1912 747
792 4641 9577
7034 3577 2614
7963 7674 390
2950 9864 9424
5507 35 6679
610 3198 6931
9861 6603 9634
8037 6454 4980
5579 821 263
8415 9419 7886
5334 2198 1100
2191 6485 564
374 3473 9274
3201 4387 824
7386 6580 8626
6712 2568 1620
6089 4010 2952
6656 575 5950
1529 7200 4921
8083 8434 6107
6259 1254 348
6538 1889 1288
225 5789 4438
9315 1267 3628
3924 6893 960
2593 1381 1390
324 3253 5675
9791 8047 2519
2451 4707 4649
5252 1951 2267
6963 1059 2467
1988 1312 6113
480 1555 6277
2765 3792 9349
3436 5892 3617
9344 2527 7055
422 6782 3
5227 8218 8139
4514 1514 7654
412 2926 9832
8308 1106 835
9281 5445 6080
6748 5249 2081
8329 7897 8844
9037 9342 4976
6143 7666 2695
7345 5158 3899
1087 6894 9248
7870 325 2266
6560 1151 5728
4865 2549 754
2514 5577 2380
6864 2241 7640
7492 2555 3282
4422 9746 1205
6086 3700 9750
2622 2714 3981
9390 4237 9066
2140 7930 3905
6726 7294 6176
8344 6039 1433
2529 3935 7971
29 4795 1595
5743 6362 5600
1816 3797 5731
4023 8368 1863
8194 4066 1230
3202 1547 608
4291 3734 4885
8643 7945 661
6134 6180 8903
6058 2222 2582
2084 204 3576
1032 6015 2883
7756 3247 3198
3595 5016 3060
9029 2743 129
121 4746 9207
9700 5266 1191
4668 2897 2434
3967 91 5867
755 4005 5985
9289 1962 2857
8278 8913 1194
772 8213 3589
4392 9622 2107
3246 1071 8734
8590 9177 8165
3386 2112 4175
9885 6335 6932
6409 2335 6603
2080 4116 6917
8025 7043 7153
4679 7958 1433
9280 8217 2482
7308 7022 1139
6360 7870 7468
7873 8993 4757
3635 7661 1413
3478 8484 1050
4324 6613 9813
594 2837 2171
121 4514 2381
4249 6190 5651
9746 780 3997
637 3728 2305
3678 344 2108
4059 811 579
5591 3155 9797
56 9285 2272
9452 3711 1262
823 7195 3139
2005 6708 2594
6226 1687 3642
2009 4552 2934
7607 161 9822
4135 5292 8877
2543 5145 6795
8641 204 280
3953 9818 4944
8736 6567 2750
5654 1989 468
9573 650 1330
517 9096 333
2065 2287 7145
7501 123 5075
947 7204 9296
452 3796 256
6105 1302 5176
9523 3547 5575
8311 4972 4927
7378 3522 7494
5617 4705 2122
4719 389 291
498 5179 6673
9967 8294 7066
9031 6520 7308
2583 3537 7457
377 5219 3506
5747 7943 5218
154 3004 9590
8164 5370 7594
1297 5446 4457
6489 9714 1690
1110 4601 8217
7476 6335 1331
9081 5031 4194
9917 6275 3056
2690 9773 1958
5616 989 7402
2247 8496 8059
6713 9358 7296
2697 279 610
3024 5094 4258
4150 4355 1613
4957 6979 8465
1685 979 2824
2396 6342 7883
5424 4085 4093
3581 3267 3311
4545 949 9471
1700 9495 965
3016 1592 7427
7600 2077 2107
80 3012 4157
1954 8530 4743
290
3288 3786 70
7006 2145 249
7674 5643 6735
8280 9931 7031
457 5288 1241
8775 1704 8198
3817 8427 2260
4129 4669 6859
175 9007 8776
8160 5712 1916
1984 3734 7154
3509 5253 1568
5406 1348 6720
5597 9367 2829
7055 7370 4580
2216 2241 8168
2051 1104 8813
9311 4188 6331
1240 6658 9236
1899 3062 5973
3299 2485 4880
2205 2568 2159
2503 7848 6363
7423 7096 5565
3171 1282 5281
2564 3497 3915
851 7896 5277
9420 520 7388
4248 1609 6166
6493 5202 5819
1173 9878 1604
9459 734 4377
3168 8080 3285
9645 1808 4146
2744 5299 3245
8688 4888 3358
3169 9623 8615
2594 7822 3091
66 3003 5760
5427 1250 4689
1281 1032 2206
6315 3964 3791
2563 6002 2660
5584 86 9383
1589 9541 5017
8936 3675 6062
8252 7423 4307
5396 6182 9131
654 797 1301
4499 1261 1137
5698 120 6281
2074 3512 1418
2930 7713 2486
3374 7579 4950
3651 7487 3699
3983 8210 5619
5223 5926 470
6591 4070 716
9912 461 1414
5490 166 3308
2501 8906 7822
7737 1842 4985
700 5485 3037
9648 32 8871
2828 6267 4051
5772 8112 8506
5724 7804 3176
2302 3198 2391
8836 1878 2500
79 3964 3322
2560 1631 4914
5095 6111 268
9668 6237 5937
8508 2503 2069
6600 7109 7841
56 4079 2982
4022 3724 5598
1259 8422 719
3579 509 1428
8601 2354 329
1609 4717 3704
291 8682 112
3693 986 2600
4877 9648 7405
8759 8105 9303
4318 5953 1107
319 4790 9835
5373 6049 2297
7448 9905 2550
9100 6653 4654
6988 3028 9414
6066 1545 9808
439 2253 1103
2010 8004 7619
3281 6026 1221
3234 4357 7276
2260 180 3146
6563 7641 7079
9932 3310 9576
92 4838 7705
3001 9997 8552
7143 809 5266
585 4863 3263
469 6286 6004
4386 8213 6539
2378 216 3592
2617 3302 8530
2309 1193 597
1511 4817 4744
1696 4189 8551
660 5566 3711
5869 2142 1114
4828 1717 6352
5367 2220 7762
6289 641 312
9148 5686 6934
6362 2133 5116
261 8291 1260
1347 3349 7500
9682 5389 6473
9039 220 4023
1618 2935 2472
4727 2230 565
3555 5399 2624
6053 554 1105
2440 7184 1648
2476 4325 8418
9695 4757 9327
3439 6770 4289
3738 2578 5123
4178 1664 1942
2609 9960 8958
9577 4052 682
1090 2718 4884
9766 2099 5490
7622 5365 1233
9232 2904 2450
8879 7129 9472
7389 7759 1470
2848 4491 9308
5696 2476 5296
4605 3547 895
1759 4841 8989
5514 3489 3302
6045 6847 8052
4487 474 94
5574 7397 9058
9918 2179 3548
2453 5310 5195
7818 2712 9467
1912 5603 5022
8197 334 8713
2868 7294 9267
1755 2972 4114
2337 3323 908
1021 9882 9108
7399 4218 8412
6315 3789 4584
2021 2053 799
642 6072 3386
2022 8110 3072
4024 7940 1093
1061 2411 8986
2757 589 812
2540 2228 1060
8920 3266 6022
3135 514 9104
6897 5198 7755
4457 4143 2288
3969 559 6787
4251 582 926
1759 9980 3970
8282 7862 8348
5740 1046 4206
9316 1125 694
1816 9826 101
6375 9202 6716
4650 413 9084
1892 6494 6622
3499 8157 4104
1038 4651 6909
4374 8249 9368
8436 6234 6328
4782 3244 978
6558 5599 8369
4893 4114 1029
4514 1258 4627
1113 3321 9923
2599 5155 1864
619 4212 4595
7524 5891 1826
5792 3094 7507
2880 1391 2495
8535 7110 6022
1436 2023 8635
1329 6155 2316
8697 4836 5645
1792 2478 4882
3901 3366 6148
1838 5887 8762
6755 5345 9308
7993 7892 1355
2029 1572 2073
9789 2774 5521
6572 870 8790
7779 4918 2828
7643 7755 2321
557 8379 4414
4448 8535 432
7241 3533 8213
6612 2867 8307
5163 6222 466
1725 372 4811
401 5918 2489
5376 1536 5411
965 7503 460
4182 263 521
9729 9316 8936
9747 7917 657
9902 5915 7974
8138 1248 6861
3727 4060 2202
2001 8599 5027
6995 2711 2211
7334 8925 198
7853 769 5837
2721 1132 5266
7004 9036 1990
457 4765 6957
3332 2361 2784
4374 1685 5332
262 4098 1605
2038 582 1406
767 7648 495
6106 4689 2072
31 8160 9903
3471 7364 6996
3098 2612 6225
5692 4147 8503
9027 4627 8843
9808 9717 6392
5884 2465 9696
7660 1149 3097
4231 4684 8882
9723 6962 8316
7139 8718 2712
8437 2814 1862
5315 4751 8511
3491 1535 9555
1039 9896 3988
2010 9338 7151
7508 2506 549
571 1878 9827
9248 5390 4740
1412 713 2300
1442 4532 6641
1455 5376 3997
1411 5196 6274
5051 7298 5239
814 5174 4434
3059 870 236
1322 8604 6166
2580 2584 9896
8720 1982 1637
971 3510 3886
6491 1178 7496
7354 3588 7299
7935 6066 1909
4715 3017 9904
8235 3560 678
5360 260 5632
4946 609 4610
3985 2740 4733
283 9906 7253
5686 1829 9193
7910 961 7840
303 7644 6791
1683 3330 6269
2425 220 8106
2367 421 7875
4222 9246 2247
1374 1703 2143
1841 4026 3172
4708 8109 9944
9280 5167 9906
2182 9473 8505
2518 1616 1138
1221 4723 2407
4996 529 813
1953 2272 1805
890
544 1361 608
3459 327 1808
743 1747 475
1647 9358 109
3719 5913 9732
5483 66 5130
8442 6692 8836
4363 2685 3205
8855 7809 6836
3828 6875 3335
1164 2704 2189
873 5890 413
9368 1235 1376
3855 940 7720
7180 7461 6222
1383 3341 664
6160 1243 8528
2644 1907 1570
4378 6166 3595
2881 46 4022
1682 6630 8162
3735 3759 8094
3885 7245 6600
8952 2563 8030
4645 2537 164
9612 1767 2017
3506 8338 7225
6798 3842 3325
1238 9104 997
7709 811 4156
2055 508 2766
3941 103 654
2288 120 3193
2954 895 375
7944 7080 5199
5609 6272 7035
3289 591 2859
1569 564 5306
3737 7176 3092
6987 2358 3811
2464 8411 2423
654 3448 3500
4949 4382 5351
2415 1149 3724
2517 8440 3511
2916 5680 976
3270 6761 4493
793 9151 5292
4025 8647 765
1964 8965 9996
628 624 9361
5252 3285 2851
8439 1059 7474
6638 3836 508
8291 7837 5891
1459 3143 3163
3555 1045 6591
4079 2169 6599
2487 1851 8769
1532 1750 8178
4513 3819 8633
8939 1782 9888
7211 2051 452
7746 5879 7623
6408 5525 2193
9058 7904 5265
3074 1780 1293
3826 8706 2532
8344 5665 859
8232 6499 1507
6716 98 5089
8897 8779 1420
4392 7592 1039
3160 8054 2209
7948 6641 578
4196 3632 9414
9604 4904 1886
2904 1912 7390
825 6690 1967
9327 4611 8824
4999 1715 2726
5795 7436 9348
8595 908 9630
2002 7578 3175
2277 9545 6585
403 1634 3311
7656 4719 1736
9106 8820 8079
7275 2641 2890
446 3384 3674
1975 5430 2597
5364 46 8830
762 1278 729
4883 480 6824
1139 4587 6617
1296 2582 3030
8177 5264 816
7349 6435 3045
2700 720 4255
8852 814 7650
8170 1240 767
1720 5398 8495
8746 2090 8436
5 5717 8233
3239 5825 308
8138 427 3759
3546 3281 2118
2510 2866 2401
8301 2187 238
4419 1338 2589
317 8710 6061
3778 3922 1542
8353 5514 3795
8416 3521 1763
6447 484 282
6676 9635 3900
1058 1375 511
4557 5913 5872
7828 5995 1631
4603 7729 7409
9255 8789 4783
5057 8186 6721
7801 617 4191
8126 2736 9975
8777 3071 8158
3039 6225 8811
6873 1898 4486
3334 4091 7665
2563 3472 5695
810 9344 8652
2126 9794 4811
2452 4635 9148
3672 3019 2812
2073 1718 9171
6315 4424 2821
5825 3979 3008
69 29 9582
4252 1920 814
5558 822 3914
4565 3499 551
9592 3608 5501
1853 8128 1411
1803 1694 7503
3770 7251 9213
4752 6018 9546
8747 7803 2208
9390 6607 3053
6498 1290 8569
423 3133 234
6883 9593 2935
1472 1641 4688
6262 9510 1275
2637 4632 8645
4432 2664 7589
69 4446 8725
7169 7878 9879
6198 5318 7759
4693 5265 8914
4261 7946 7827
9901 9630 577
6997 6270 8582
9833 1102 1550
929 4851 6778
2845 4562 2890
762 4003 4268
355 4075 1194
9335 4085 1243
234 2038 8298
4569 6341 2262
7574 589 8869
2073 2344 2376
6786 8068 9135
7773 9160 4421
5086 3376 7912
458 3619 3101
4526 6270 6933
7324 6723 2373
3116 7572 5716
5834 325 4910
675 2262 8134
2092 2540 3780
6191 2521 2299
9139 1810 5026
5228 2540 3588
4726 4531 7668
1428 682 2653
2084 507 5536
3526 4183 5285
6744 5276 5108
6623 775 6644
3805 5793 8184
9868 3319 1839
4769 6225 5275
6682 8423 5106
1884 9372 4740
7460 106 4916
8663 2792 8374
8654 6317 8666
1767 4391 7248
8875 8172 9375
4429 4576 4099
8816 6105 6252
9914 3647 2534
4812 5924 5296
4915 3362 2478
3327 2338 9829
6578 8172 1903
4103 8620 2518
3357 4806 2555
5259 7266 2919
1226 3710 9750
7632 4624 8187
5560 1844 2372
7848 4242 7141
2037 1292 5614
8245 3930 2052
5289 2061 1237
4611 2183 2194
4189 650 887
7444 5484 2040
9144 3033 54
9396 2860 6266
8363 8681 412
4940 1855 5313
7165 5122 536
8261 9633 2753
9271 1252 9137
2948 3131 370
5449 6353 7106
4546 3684 4907
994 6071 2154
4057 3863 840
8727 2072 4269
6099 1454 4124
7409 2627 9117
6269 2611 6356
9171 3567 5583
1270 2736 4114
1116 912 7340
3388 3443 7576
9835 1123 5492
784 798 48
8679 7091 2861
9472 5567 4496
6405 8892 8739
9941 8460 8156
5423 9520 7197
9352 7832 5395
5488 15 15
1654 424 1019
2696 4977 740
5620 2428 634
5438 8740 1180
7372 1320 2956
8678 4489 5449
7957 6829 3120
6866 3961 404
1650 5301 5218
1643 3250 5640
5171 3389 108
4198 8950 6713
4936 8343 2454
1216 30 8898
2623 4863 11
3472 9842 4301
2181 7394 2013
1622 9900 9317
9690 7722 1506
2005 5495 9456
7404 3680 2470
9071 9273 5085
6102 6926 7507
7901 6817 4473
5475 928 631
3879 1818 1995
3052 1867 4701
3513 2669 7112
9888 8575 6953
744 567 1061
3725 1598 5065
8945 4864 859
3174 6438 5073
5422 154 5213
6734 1855 1730
978 8150 270
7631 115 1104
2311 5736 2005
9054 5177 8405
6248 189 7111
1338 4843 7134
751 8080 1314
3674 8521 4090
1303 448 6642
2214 2160 291
4522 9043 2656
9779 122 6306
4367 2584 2538
4464 7998 1206
5586 7106 8950
1133 8735 114
5425 7697 3017
5706 3980 7514
8867 3630 6890
8796 146 8735
8396 1177 9601
6988 6496 9333
5716 7500 1832
1675 3724 3850
781 3919 459
592 2147 2659
728 1448 4574
1070 8549 1838
677 601 7439
6121 7335 4828
3382 8332 6891
5913 190 7864
9964 7078 6148
9349 2901 2625
245 5120 2105
8431 1500 5335
1846 470 9706
915 987 7660
5387 7781 5687
2752 2982 9684
6468 3543 613
2566 3925 3849
3655 3293 7451
8029 8402 6324
1278 2514 3517
3290 650 9664
6604 5214 1832
7566 3789 652
1983 8789 2227
9478 2138 3845
1280 6231 5051
855 9529 404
9088 2707 8869
388 5814 8114
4582 3073 1212
2326 923 1631
3721 7289 485
8749 9200 5315
7064 5514 8418
4992 1812 7514
5396 2130 1317
393 771 4659
7400 2687 9750
7501 672 4516
3300 2477 6375
1654 261 2037
5816 7208 3853
7426 205 1869
9894 685 5124
6918 1468 4325
7544 2649 2447
381 9117 1667
5477 6530 3851
430 9359 6081
8175 374 7853
1014 8894 8760
6531 5527 1356
5341 3278 2642
717 5142 4866
5173 5065 4536
310 221 709
4746 8051 8048
6671 3964 712
2798 1930 3754
1905 4661 923
5377 4345 4533
6835 2962 1438
3973 8367 2373
84 4723 7628
6543 1149 6945
2719 1831 8279
6398 4948 9381
278 3570 1940
3292 4948 3470
8733 5723 4694
2291 8269 6270
1809 8595 7246
5770 6941 6917
4713 1208 3128
7436 3364 1457
6318 3162 2654
7756 2872 4721
716 8468 4978
9291 7157 3917
6354 538 4779
1272 8341 8082
2763 9749 1740
9670 5063 7800
1080 3968 9761
7471 7121 5461
5467 4371 8493
4888 941 7822
4047 4574 7431
4092 6846 4850
6055 1125 7256
9674 173 2745
1239 6746 1229
4605 7026 1751
341 2613 2439
7567 3312 3346
2008 998 9370
5486 9107 3252
9621 5798 8694
6254 5787 5752
8355 8257 5573
1228 6913 8535
5675 9896 5091
3059 3693 2350
3020 2511 1026
105 147 8520
7742 9272 9124
9928 2857 1338
5671 2212 2238
6475 2325 4807
2674 7582 8056
351 9686 8795
1506 3991 6093
4346 449 2933
9986 1057 2001
3300 9108 1419
3875 2165 3091
6714 9501 4577
1600 1406 3473
1330 3840 8438
8450 8963 6258
8358 2277 9268
5569 2186 6917
9363 2427 7898
2873 9576 371
7054 410 2992
4 5732 9375
7740 6439 927
1099 2026 855
9811 1114 7460
8211 5759 1975
6664 3667 4265
658 1513 1903
784 5953 7187
9725 6990 1236
1796 9385 7692
8845 6905 1482
699 5712 1783
834 2656 1575
7500 6533 2544
505 1364 638
9069 7500 7840
8847 6127 8920
9188 1640 4998
5582 9216 9226
9934 4953 5697
7532 1348 5908
1273 9197 3081
9725 893 827
9205 9976 6509
4132 8541 4102
5561 9611 4488
3783 6097 861
2175 7790 4462
932 3491 2469
880 6219 7987
5057 4056 2355
4654 6054 9847
8390 2581 1566
8341 2475 6133
7814 2710 7034
3076 4906 3707
7888 1929 2050
9797 3892 5281
9613 2335 202
5952 205 5133
9416 1509 2050
8639 9064 801
6204 7290 9422
8008 7467 3625
7802 25 3530
48 976 4363
1996 2290 2502
7864 2148 5443
13 2959 8971
3408 5844 8628
9310 3069 4345
3803 5286 5119
5441 4005 205
5788 539 5578
8669 2912 7568
1256 9723 5074
9581 8026 7764
629 916 5948
6390 9827 880
5662 2066 1111
5752 3256 7233
3306 7189 46
197 9233 2471
1203 1601 8436
5109 1682 5259
9666 6804 2922
5921 163 6059
1562 9610 5342
4868 4702 9551
7885 3268 185
7338 1710 2095
2596 8349 5371
6486 7285 1685
6779 9874 8659
5329 7546 6086
1817 7870 2951
9280 217 4117
301 4272 7107
3783 9717 364
8134 2263 2073
4611 6262 2073
1531 7473 5967
6730 3543 3122
8281 1808 1927
1642 8124 6019
4646 4308 7190
4909 4663 7498
1051 7694 759
437 6972 7074
6032 1077 5739
3159 2991 1923
5501 6873 808
1525 2641 608
5784 8642 4897
7630 8908 2199
7911 8001 6016
8505 2578 3632
6762 9931 7128
9732 7721 354
8109 6820 7704
3255 6341 9493
1527 7341 6919
113 1532 9861
6756 2376 2037
4174 6406 3989
7553 1312 1819
9763 3312 4219
8468 9071 2345
2091 1177 239
9355 3247 9344
3667 3749 6346
7022 987 9481
8121 6940 3482
6830 9591 2397
2426 5926 5966
6720 4575 528
878 4673 9488
1247 419 4453
2339 1802 2690
6950 6152 3044
691 2443 1578
479 8534 5883
1521 7869 6639
6627 1979 9896
6564 7447 7004
3059 8153 7158
3619 3328 5369
625 6752 9907
5656 5836 9555
8358 1943 9222
1334 2623 1080
1046 5054 2575
9506 6518 7438
6924 391 1685
3916 6753 8132
6344 7592 1028
7224 6448 8666
4281 2457 3778
6363 6901 836
1490 5687 3606
4339 3793 2114
8369 6228 6202
9145 2011 455
4615 938 3324
9224 5225 8150
6257 7614 3480
4293 8337 2019
7960 7803 7315
1318 4796 4522
6286 285 3231
6248 1968 7566
4721 675 5315
3072 830 4978
4669 8541 5814
7757 8503 875
5000 4080 8400
9836 8112 2443
8242 2034 6931
6894 9190 2631
2600 9892 5796
2380 282 7293
2398 3584 9851
4433 9405 5364
795 4225 8187
5196 2314 3952
2035 8200 8938
4418 4934 3892
6680 4307 4912
6349 4316 3419
9498 3045 2670
2529 5153 8921
6508 958 518
321 8058 500
1335 279 8297
1871 8575 7820
7339 6346 3786
871 4070 7956
8747 9311 4951
772 33 1932
4633 2635 663
3481 5973 9418
6059 1292 4876
4388 6482 9976
9236 4613 8250
1811 4015 674
207 2548 2370
387 4530 7520
7604 8495 5559
5429 6950 727
6206 8102 882
7573 7941 824
7270 2774 3900
5996 4067 6342
6041 7951 1537
4971 3740 4606
2198 9477 1989
9790 2679 1220
4261 5290 4157
8682 1155 2014
492 1682 784
9300 2400 114
2188 701 6809
3437 3275 7427
4632 7820 7778
3916 4138 9470
615 5665 2805
429 3960 3152
1793 3683 2186
7519 2985 8941
6917 3106 8882
3615 4797 5086
5931 9912 7093
239 4165 4712
5231 2327 1764
1439 8647 9048
5543 7399 897
9876 4901 3460
3456 6051 7033
6779 3960 9893
5215 5777 9830
7016 9215 3430
8495 140 1162
2705 9174 837
1634 4062 5570
2561 5295 4822
127 491 1439
509 8596 8943
4958 7345 3413
2334 6742 6433
9993 7685 2152
3469 6943 9721
2380 2189 4109
4261 4118 2005
553 4328 841
8647 3771 5113
768 1673 7602
4124 9611 9176
5862 5225 2391
5869 5135 4587
4753 8271 1604
9590 9740 2377
8134 9773 7520
7886 4782 9603
3766 170 644
2352 8898 9787
8530 9318 4528
9008 984 101
3330 1777 5137
6204 184 6127
4454 5200 1457
4844 4865 8354
1330 638 1653
6156 4805 976
1180 6204 947
1802 2769 6981
3940 5731 4991
2402 1398 8852
5785 1772 9661
846 9772 4478
4266 4063 8338
9766 5503 2865
6760 143 7682
5235 3042 2126
2656 3308 7646
6457 6676 349
2006 4558 5128
7190 282 1171
8075 2076 3117
2298 3923 7546
2335 2232 741
629 3819 9845
2099 8741 1793
3478 5893 8160
3447 9674 3291
9193 7740 5106
3842 2569 4573
165 5413 6269
7979 5858 3126
97 9693 5271
2461 1034 146
9537 4816 90
7993 1269 6404
5808 5381 9231
1539 7486 2379
2297 2718 4335
8702 319 2741
3000 6749 384
6004 7534 3642
3511 5296 7641
6751 5786 8179
4632 8669 1587
6340 2789 9093
1374 2907 4330
7690 6162 2067
1828 6646 6691
5201 4134 5292
4311 8308 2257
414 536 1901
6947 3744 9066
737 9982 2204
445 3932 3051
888 8692 872
6846 2645 6231
7119 1500 9801
5383 1262 5882
5888 6592 490
3687 5950 2723
2887 1501 280
4677 823 164
2275 2578 240
5704 2957 4582
4673 9004 3467
3517 7541 6462
2546 7881 41
4205 4779 357
6923 2121 8112
1704 436 2249
5564 8011 6232
2435 3891 8366
2586 5304 1372
6456 6469 1165
9816 7806 841
1057 2286 9382
8419 3612 9989
9869 2000 725
438 7973 4883
6327 4160 3234
6837 8773 1006
3287 2732 75
1623 365 2496
6343 3460 996
2265 1575 3655
157 3901 3013
2441 3655 2985
6352 1764 4472
3277 9037 2739
1935 9453 4830
2168 1128 8053
3602 5596 4015
1422 5518 9452
9240 6878 5257
9105 8846 2340
2686 8176 5947
6340 2829 5476
7128 5360 3283
3033 1013 3480
9580 2395 1067
4050 2806 1406
1296 6238 2312
1871 779 5972
4866 3418 6760
3087 2647 3629
7774 7117 8024
9917 3759 4439
2627 7688 2944
8767 3548 6251
6474 3240 4186
3797 2081 2266
438 1211 9459
9029 1871 8813
2050 2998 305
7929 6197 9496
7111 6031 7900
589 9967 1013
8147 9966 9758
3515 9369 2142
2371 2241 7649
5909 1616 6088
4040 9564 1222
983 1768 5093
1712 7391 3117
5453 99 4689
2327 5508 340
62 2767 2460
3130 6431 6861
1248 198 2151
7017 6295 5521
9125 7296 6937
3093 4862 3897
1585 4734 1258
5881 6883 9890
7790 9924 9233
4751 3771 357
1545 4787 3156
7200 8769 9282
3973 230 7637
5156 4770 4393
6672 6541 3390
4144 4489 1233
9390 8188 3072
8327 2637 956
7882 2461 1105
767 4873 6381
5309 841 6287
8766 9192 2215
1268 6894 7038
6246 1206 1695
3462 2352 6129
591 4356 1193
528 8348 928
1337 7250 5432
246 2123 9824
1338 3183 4597
7549 7653 7808
1993 7743 8588
6802 8412 814
6054 6322 2708
3355 7647 2298
4104 4931 5071
4175 2946 5268
911 9948 5656
8142 7257 1423
4316 8237 3664
1858 4416 7079
6240 9837 3534
3873 6422 1066
1511 8439 4627
889 7850 3739
9469 1797 6279
2446 6230 5063
7108 8253 625
6138 273 5485
1091 6958 7367
9674 3511 337
3878 685 1429
27 9455 1964
2435 7976 5119
9814 9323 5403
6942 5807 543
4465 2326 6521
859 372 5656
8980 587 2866
4971 3655 7533
4317 3686 6175
9111 4883 4528
5767 7516 5377
9718 7561 2651
3812 9661 2484
9096 1824 8457
5727 6720 9253
813 5804 3527
750 2068 6273
8052 8252 4655
1667 2191 1027
8879 6339 5625
2674 7494 6062
7645 5721 3017
4463 3862 8534
8985 9704 4514
3249 7907 8994
5237 4329 964
193 417 9678
3024 4443 2740
4096 1045 3178
6754 7447 7292
9791 7908 7333
792
1018 9969 954
2322 263 8717
3014 3755 8299
1152 7300 6771
9360 5800 4309
8818 381 9953
9002 9478 1594
1299 1414 2053
9251 1757 6771
4771 4410 7745
4468 3253 1954
1488 2107 3799
809 2327 1181
827 8037 7898
9970 2499 1602
2272 3025 8305
5547 6639 635
1116 6856 4538
439 2406 8358
9976 5022 1437
9101 8311 1671
6670 4830 4208
4742 656 8508
1197 2337 5568
8861 2488 84
6809 8752 5446
6293 1239 6737
1060 2090 9132
7610 192 3385
4722 845 267
3824 609 6560
782 7447 8115
247 1755 2786
2071 1256 2597
539 5076 4283
7667 4832 2926
7633 3040 841
9021 4103 1575
8173 684 7803
1229 613 3967
7230 2031 7633
7113 4970 2190
5050 7084 1749
9992 231 3186
743 1353 6292
7725 9065 9490
3168 42 8862
5240 917 3707
6278 9856 4830
4436 4097 6474
5540 230 2673
3515 3737 4507
1843 7568 8649
2657 1984 3632
9437 8955 9678
8593 2082 2548
8764 93 7946
3317 5774 854
1682 4168 8230
8120 835 558
9716 7214 4188
1487 6975 7976
2256 624 7412
571 9932 9034
1007 5161 2829
1992 6264 1299
4079 3696 4655
9389 2088 486
8266 1153 278
2702 2334 4662
2262 5185 1677
4433 5639 5297
7344 1981 8910
6496 8469 1783
4268 1070 6282
5917 5661 1954
8027 3385 434
7675 2647 601
1345 1415 26
1569 3066 5651
1143 2786 3550
8724 6948 508
7116 7110 2859
8178 9484 195
7293 9789 3471
7670 9914 2244
1558 4464 7983
3994 2978 8875
3295 265 4300
4078 7461 2766
87 8320 6312
180 1971 4784
7360 278 7826
260 8313 4223
8128 224 2725
6260 1343 1162
4183 3797 8672
2188 2941 895
8297 1273 1789
5461 2371 1348
6308 1265 6131
4525 5210 1237
4860 4013 4698
5511 8963 4900
2065 9389 6291
4897 1861 868
8130 8994 472
9080 6292 8220
5196 4319 6654
9501 729 9350
8109 368 7790
1585 2440 7042
1541 7501 691
3027 7305 9368
2630 1838 956
5187 3790 5724
2820 4678 6066
5429 7573 8837
3768 2697 6374
8658 7529 7775
7357 2867 3058
2556 4155 1334
3933 5462 1952
9986 2463 7177
1782 239 2915
4234 2625 4745
3271 2954 4746
8449 1062 5389
7224 5429 6054
6187 3584 8001
2386 8199 6318
261 8202 5294
1445 1656 281
4499 2195 1326
1544 553 8521
5143 5890 3135
8729 6200 216
3875 7808 7101
8245 8912 7495
3455 932 9066
4964 3362 9137
5228 9670 9091
6285 4704 3954
2320 7606 6751
8199 4696 2134
4281 6169 3557
4075 6407 8956
3767 167 6206
3198 5251 4729
8391 9402 1899
9020 7678 2442
9920 9374 1207
1341 7461 5651
8408 2538 7254
8475 4403 3300
8280 1266 2690
4398 4659 3670
8104 4241 2206
7038 1941 3131
7210 4073 1338
5834 9217 997
4334 3434 2544
2209 832 5435
9555 5781 2767
774 2848 4672
294 5473 1879
8802 8843 3905
1784 2859 3563
9088 6822 4804
4574 8080 8682
6285 7617 9854
5482 5910 8387
1914 268 4898
3919 7927 4566
7913 2876 6030
5192 9965 9618
4567 300 207
7310 1946 9660
1811 7079 3714
1765 3041 6338
5076 5067 589
7747 864 1310
8409 2389 2885
123 2218 5404
4969 3301 4424
8105 2233 8997
1802 9917 3373
4432 3778 4162
5728 1016 4372
6998 7439 3430
4157 5433 9408
1462 961 1833
9509 2323 7669
7628 6833 9461
9855 2575 4586
8808 523 1020
3263 1440 9615
6624 3788 5705
641 6974 4556
7203 3607 9550
9759 9822 3392
4331 4620 7122
6753 7868 7239
5763 1234 5200
807 6403 1018
607 2210 2984
4248 8462 7866
6623 6516 7523
652 1633 1989
3755 453 2038
1797 6089 4808
6727 8818 1471
8047 1000 7605
6193 1214 3877
5016 3864 110
7692 7060 7029
3448 8268 3705
3239 1967 8348
7602 5518 5140
7504 7383 2321
2004 727 436
3085 8597 472
6875 6798 5281
3438 9606 2275
3234 530 2223
9421 8302 5304
6851 7257 245
412 5364 2431
3593 1807 9951
1401 6908 9148
1982 6455 3281
6480 7470 2130
76 3466 8531
1761 1243 15
9754 3929 4201
9056 8895 3639
8273 2608 177
9059 256 2945
2995 1853 3486
1887 1556 5547
1950 1247 2705
5911 4915 8360
57 4402 2837
8659 5890 6541
8037 464 2570
2394 734 1642
6673 9790 5629
7131 1573 2554
3010 8242 4269
3290 8950 3172
2394 6222 895
3488 5914 7479
5795 5128 4575
7268 9578 6781
1120 7293 9862
5915 6255 2959
5783 9317 27
2650 9770 4401
9254 8519 2674
3687 8617 31
2778 4406 1655
6808 2858 1640
9728 1152 3064
8007 3847 9375
5936 176 1990
4440 9175 5495
8223 4336 8013
9819 1798 2963
1121 8571 654
4547 8057 2745
3841 9634 4322
1262 7749 3042
7749 7550 7867
8426 427 9613
2681 28 2194
6195 6330 4373
6688 4188 2340
2053 2423 8035
6587 2976 1130
720 5188 1652
911 4959 3340
91 1189 1875
5530 8547 1192
5306 9651 2301
9843 5027 2333
6419 501 5502
7573 7757 4136
2211 9989 9526
9725 1093 5664
3674 2268 4392
5952 7666 4859
4881 3346 9204
9244 3005 6304
6533 684 613
7232 7280 1529
720 506 8092
8724 2073 1984
1224 9815 6706
5161 8058 6969
4970 7599 313
5263 4523 8026
1079 5397 375
155 5203 3678
3876 3358 862
1129 6949 8362
1069 2260 2860
6890 4174 5525
3197 1425 142
4742 6212 7674
1306 1377 649
1022 8581 173
1282 5706 2729
967 8154 5663
594 9636 641
6427 2215 2070
8341 8089 5642
4301 7311 4853
4450 816 3936
5058 6919 6493
1726 9951 2510
349 730 167
1205 7003 692
4200 8578 1878
7169 4598 2151
1589 9148 7233
7464 459 2122
2597 1712 3708
1330 5281 3825
846 8205 5946
4394 3667 8410
4704 1102 3158
54 400 9651
2324 9546 9004
6936 3085 7989
4521 7082 2266
3867 1175 297
658 4478 2598
8727 7560 172
4439 6784 2039
4921 1680 9680
353 1119 8325
562 947 2307
1619 4117 6494
7722 3758 1236
9714 6188 1358
9637 5419 7272
5637 6753 8896
3832 2708 7638
1194 2182 1647
8474 2690 9086
2686 8625 2734
8870 6422 5025
7806 8956 6551
3540 2593 335
4086 5565 1533
3424 8334 7263
3055 458 4451
3530 8816 7456
2072 8135 6505
934 8833 854
1272 1779 523
5813 1411 3142
8283 8212 9692
310 6292 8360
3030 2190 7597
829 183 1897
4274 4447 975
4218 665 9674
1464 399 8200
8640 878 6934
982 2075 3664
6321 4047 100
4615 4039 716
4500 9975 1691
4770 4984 8469
6721 2809 5818
248 9885 832
8878 8770 1806
1007 9354 2528
1020 8670 9082
2720 382 3988
4338 2083 4879
482 6309 531
9665 1441 7846
6663 7266 8745
6862 5061 2591
5764 4445 5415
678 5266 2516
8753 5104 2494
1858 2337 3759
9424 893 7000
100 197 499
7225 5701 1580
8002 1135 3981
2930 101 7940
3444 5041 640
5519 2624 644
5742 9549 3644
4894 3288 2563
8456 284 6057
4163 3601 3704
5936 4174 7378
6703 2998 8889
9275 229 241
2194 8946 8568
8232 1092 1016
8850 4471 6346
3805 1923 3861
1153 4229 5406
3396 7329 364
8754 7017 4845
537 3117 8653
5721 5968 7052
4931 8747 2170
4917 6827 7733
5144 3721 1558
3586 246 5428
5243 6767 5581
2215 5305 6140
2891 9785 1006
3971 1799 4265
1080 9704 8943
2102 3914 9681
5476 8467 8977
4184 9801 8661
3064 31 2856
5742 1752 292
8550 5632 4116
5333 1560 8890
1700 5061 6165
9383 255 4432
5118 9623 8015
3163 5436 2397
864 4047 744
155 8474 4456
2593 5611 223
697 2057 5664
3910 723 49
380 2681 3317
2278 227 9788
341 3900 5615
7855 8912 5147
9622 9942 4287
5478 9641 4615
1675 3539 3310
3572 690 1512
9984 6617 6826
9651 3734 7176
6262 3246 1729
5107 8551 7968
4794 1434 116
3719 8267 5414
1404 5332 2732
1333 2315 9544
4002 4551 5372
9790 2803 7848
1423 3608 6061
8223 1003 6703
2183 4118 8469
1653 6264 459
9890 254 2071
3622 6089 2094
4418 4348 1388
7124 3875 7315
3896 6951 4016
6023 4507 2352
2722 1693 903
2009 2024 3591
7908 1204 6925
9655 3546 4863
8935 3143 1678
5990 5218 8455
8445 7737 6748
2040 439 3360
8258 2602 2014
7565 1051 3121
9472 6545 3603
3389 1408 2081
7819 1705 4940
3610 3087 5524
5099 243 4760
2463 7589 6194
7683 391 6471
3745 3537 4611
86 1042 3697
4256 8132 9025
3771 4203 3378
6313 734 9102
9237 810 4525
8591 3292 8538
548 2421 1376
1241 4354 7533
4012 3273 1058
9004 1328 5453
5898 9685 8417
2401 8295 2766
51 588 7512
6366 4201 8065
3083 1817 4252
188 517 704
7947 1995 4566
2322 5266 4618
6700 3431 6670
4867 1687 1759
2655 7046 5005
3622 1775 8294
3838 5435 8514
980 6602 2674
9871 7904 8834
7942 9262 1053
8077 4307 9378
7989 3452 627
7064 4909 2544
6742 1233 2777
2362 8472 893
483 7635 1518
7528 4808 1325
7457 3370 3315
6506 7694 2105
6095 2620 3469
6178 9255 8476
8865 9080 9152
6430 5087 7244
9962 6533 18
5469 5730 2323
1311 7729 8268
8932 2740 9605
9423 972 9142
4642 5713 5518
7500 6417 7061
3823 2278 2625
9489 6890 5346
7878 581 9172
3039 2611 937
3379 7315 2635
9383 27 331
5653 4521 5801
9858 1886 9315
9443 387 6995
9604 7536 6898
6575 4922 2740
7832 9794 4228
1327 3453 6547
1531 2103 8012
2919 5075 626
6961 4243 6318
8680 7941 5630
2835 1816 9710
346 5821 2619
7280 2501 2502
982 6665 4603
6262 1652 1484
4590 2023 7091
4396 2424 955
6557 4811 2560
4623 5882 7715
8364 8817 9636
7205 4966 1185
5083 7873 6450
2740 5594 7189
7871 4159 8186
4617 1852 6290
4821 9706 8556
6434 7854 8117
6637 9195 1391
1671 3334 5142
7891 5379 1327
552 8997 8003
6677 2555 9304
5890 2686 8033
9913 906 7225
1477 1538 4538
2394 2677 4657
4090 5109 2637
120 3297 3033
1829 3605 9175
8911 1039 2693
4487 483 425
9317 8103 114
474 3785 2347
2564 6586 1872
1574 6557 834
728 6179 4094
7255 3854 1348
7841 817 5993
120 4789 5825
488 3026 374
1730 1928 8312
6977 1502 2362
3161 7574 4548
7893 1794 623
217 5912 7459
4800 4686 6579
3565 8608 1552
8790 7775 2215
7237 2105 7506
568 7845 4702
1281 8977 2711
2836 6093 7440
5471 1886 5648
3225 7700 9364
4752 5189 7670
1223 9175 7229
8799 2746 9456
3079 4025 9520
324 1104 5937
8993 5879 2827
1483 6433 2652
2313 7255 2722
4112 2297 7554
2552 1461 8642
3391 461 6013
79 7383 8983
2459 4826 2255
2951 5348 8444
58 852 8299
7555 2574 7255
8862 2277 27
2311 9899 6453
7481 8952 1847
228 3297 1008
8848 41 5631
7354 9105 8436
4726 1279 934
447 4677 3745
7009 6662 9193
1273 3356 953
2275 4788 9888
6191 5387 8186
1974 3805 3285
2800 3051 2008
1779 3118 2873
1047 1739 3506
6292 589 9227
2182 578 8821
9002 48 639
3486 672 6793
7807 9161 9017
3393 2821 1793
4709 3585 7412
6955 7876 64
7444 61 2401
3962 4792 5460
2348 7981 1341
4497 108 4982
2485 7620 3173
4076 9477 7387
3430 1563 3548
6380 2854 2164
8565 1170 2065
19 9870 3125
2237 4914 6250
7213 5330 5068
2676 647 8633
2675 3989 5305
755 6646 104
6387 2286 9181
5500 8934 564
8951 7594 4218
8852 3031 1223
6362 2917 986
2588 4179 1736
8812 9429 6238
2126 7180 5254
5225 5082 9549
1012 7484 7015
1662 307 2074
5373 3244 9420
8647 4864 9845
4850 4458 8154
3521 6405 5971
7963 3661 2230
2158 8446 4360
1212 936 4045
7490 838 1377
9495 1697 9618
3763 6129 2661
1246 6275 1387
5279 685 3605
517 3278 9804
756 2449 3994
6757 9618 9290
1668 7812 973
6054 4221 9032
8900 3736 7942
92 4232 7449
6744 1287 5126
7800 9797 4496
7987 8751 1599
246 4681 1400
3032 7600 6946
9504 7641 2592
2418 5915 3383
7933 1946 1560
1123 1825 8745
6310 1392 9872
790 599 3450
1770 6348 5892
1366 3987 8085
1969 6884 5025
5466 6627 9340
5733 3193 9327
3256 1262 3273
6548 862 1850
1034 6972 8930
31 7344 3807
2681 1081 994
3913 640 4485
3229 1197 8718
1533 383 8858
5879 8980 1649
1165 8883 1285
916 6311 9694
1623 415 9600
8145 8404 1607
379 6033 5594
8129 5196 3095
2513 8356 136
9968 8190 5363
1436 5814 1303
569 545 8926
6504 6101 2446
323 4758 2329
2622 1411 2962
6493 2100 2952
4320 4441 8716
1962 3657 19
3604 8676 5310
4870 5323 5924
6542 5060 4024
4134 7049 1740
8702 6435 1797
3791 4831 1542
6241 2592 5439
8463 4377 1787
6314 4988 1449
2184 5624 773
3637 5727 1855
3606 1273 1629
1610 8594 236
1192 3306 4374
5946 8864 2778
9948 6723 7943
9607 1330 8174
7042 6319 8202
930 3760 8665
403 6758 7658
1894 3192 6454
3452 2470 2359
1785 4372 1678
900 1474 6424
7784 911 4756
4316 3836 5539
2953 36 2222
6001 6420 7351
9064 6349 6422
1973 5273 7334
9566 8330 3326
1708 6228 3491
9360 4781 6120
4544 3214 1361
8422 6139 2892
7335 8125 3417
5180 4879 896
5342 3357 5545
893 8134 6321
1454 620 8705
3651 366 1546
3534 9032 4409
4119 3323 8901
8242 5900 7164
1058 5793 7985
5050 9294 9224
7518 7822 1731
776 4161 4623
5083 6404 2159
8647 8514 2134
3102 2797 3774
529 7794 5551
1437 520 4486
5293 8862 9325
7870 190 3987
8379 1339 589
3508 8600 591
2132 3416 5030
625 732 3632
2537 8675 2788
9380 8142 6642
8576 9778 8073
7454 8532 740
1023 5963 8929
2242 5526 1126
454
695 3369 5628
2283 7288 6705
1816 50 6243
8880 6907 3712
7700 3280 5713
1859 5966 3756
9985 6931 8264
2461 3094 1269
3221 8039 5916
5854 3433 1861
5420 2501 9353
6146 9500 6845
6546 8457 3552
8225 3996 5328
1126 2929 2912
5489 6433 9036
8632 1625 8915
4238 4455 5140
6865 9964 1241
3753 450 3181
3755 1489 2856
3675 4206 6622
7570 3082 1352
3530 513 5177
9308 2974 137
1543 9051 5236
1882 7672 8283
4462 5184 3432
6039 8472 6040
990 9399 1483
4405 1813 4225
7860 5121 1799
2816 309 1495
8059 9780 8043
2529 6833 2586
1552 9533 2667
5598 2273 2694
8526 3598 3346
2048 5705 401
9568 5779 7062
3911 3543 6892
8143 18 2566
4560 802 6054
8320 3363 1559
221 4564 7321
3762 4783 2559
874 1509 8960
2800 155 1464
4873 2188 8730
507 6315 1988
3594 6602 6002
8916 7457 5122
1543 9181 8638
2020 2568 7365
5070 8231 7372
7645 2192 3939
2929 1395 5528
8764 2473 537
2370 2059 4645
2198 1496 1075
5024 2972 2117
9906 5743 3882
8218 3959 5063
3266 4400 6963
9855 8685 8944
2675 6248 5518
5104 2749 7371
7988 2527 6152
3633 116 8098
9457 7065 2951
4272 4444 9157
48 3563 9143
982 320 8960
9653 9306 4061
6785 6250 418
7424 1584 6050
7097 8399 3599
1911 3458 635
3478 6419 2401
5386 1221 1282
1293 9623 6330
3132 1044 6120
6341 2193 2879
176 3739 5461
2696 23 3080
3439 74 6023
1095 7773 9863
5720 3111 4394
8160 3230 7654
3330 2896 2177
7969 4261 2569
1918 1840 3451
5476 1612 5676
3271 3139 3761
882 2895 586
1590 1228 1195
3485 2520 1550
1051 5883 593
1422 9502 684
9735 8599 4448
6166 2 6928
9763 6678 6212
2009 2738 5870
7860 9141 6770
6777 1451 4687
26 6951 5651
8758 9589 325
7789 8522 1813
8956 882 1436
1178 1854 4172
4129 5587 2956
358 4568 9332
2715 641 2316
6585 8104 952
4971 4489 4890
6454 2648 5951
3767 2775 8318
1637 6346 2764
6326 850 1507
8131 1179 6310
271 1703 5260
819 8169 6723
2482 9151 7553
1709 3138 7143
2220 6193 3749
101 3581 346
4838 5253 4403
8281 7676 6693
7842 9519 8009
8907 3958 5869
3793 892 2309
7550 4511 3545
3637 723 7381
7276 9679 8752
2963 9284 722
9797 1178 7454
7802 9232 1761
6309 1922 3936
6951 7051 1655
7421 890 520
8127 1302 312
8321 5963 7003
8676 7117 3657
8733 8331 7477
7053 3938 5175
7210 7504 2733
5315 2267 281
350 2657 8518
6316 726 9689
4111 704 8670
5490 1248 9990
856 8582 4944
4230 949 4977
4214 1148 6345
9514 7087 2019
7804 197 607
3392 5186 2104
436 7059 6541
3805 2305 1738
6082 712 4986
8454 6601 6601
443 753 8473
7108 670 6192
1412 7679 5773
7030 8366 7467
9156 4698 2644
4423 187 4442
8251 2609 9731
7487 2406 7454
1886 2034 6652
1037 3124 8912
6312 519 2947
3018 3475 6745
3894 8704 9408
9781 3753 8080
3286 2150 8604
217 195 8515
3223 5332 543
4710 5325 1461
9215 4588 6964
7983 8299 4031
2148 9398 9570
3971 157 9081
2701 6239 2110
4703 9857 253
8371 6304 1576
7571 4991 856
8418 1874 2474
440 1592 5246
2573 4958 2
4927 1036 7286
3337 9880 3090
544 7135 3495
8964 2628 6670
3916 7454 436
7743 5101 6403
7873 156 8393
5284 2832 4712
7100 1726 1069
5677 2338 3160
8961 1701 2463
8621 7345 6061
4959 1624 6295
6439 1593 2813
5349 5120 5993
9472 9927 882
766 2880 5880
5162 4401 6627
2280 8236 3832
8552 8220 757
1994 4489 534
8546 7156 2496
6951 7215 9691
5291 5602 2211
2274 643 7555
9770 3806 7881
3280 5458 728
1090 3119 4714
7732 5269 4808
6520 7680 8786
7052 6778 3646
5830 2822 7600
7701 1996 129
6760 7925 4582
1802 9241 9978
7948 9255 6020
3811 4276 8376
2183 1667 5346
3773 7844 2871
4866 4873 9923
8522 9284 2421
7363 774 1095
6744 4294 4299
1946 6757 8334
3093 9087 4934
3458 1721 5712
7384 1254 2047
4886 9174 2906
71 9288 7258
1105 4965 9249
7474 1636 9439
3461 6112 888
4745 4373 3764
1358 8654 3729
7485 330 6514
1342 2190 8086
486 1481 8574
9304 5212 6122
2946 2305 7323
6507 1615 1959
1509 4123 8155
3221 7783 7454
4067 2177 4816
8856 1427 2655
1206 1450 8817
7588 9094 5756
5770 4718 9690
5516 849 450
2352 9030 1973
2357 152 7156
115 7087 2350
2599 3004 765
6874 1191 1929
9735 9828 7911
7819 6577 8363
5773 2487 4165
2391 1377 8419
2240 5325 7411
1930 9724 4868
3762 150 3407
2950 2410 191
7922 5225 2430
9726 8724 4303
1159 9495 4048
6506 2315 4343
9884 804 1153
1625 7795 318
4660 8960 7910
6583 2246 4768
5838 4816 8951
9149 1397 7149
4470 665 6806
7454 8776 5496
4386 3631 3798
1799 4821 9469
7483 172 2168
5179 4767 6287
968 6371 9470
3993 1815 4160
1661 5404 6721
3835 9565 8419
6801 149 3792
8363 8069 9781
1436 1875 639
2690 7646 2496
974 7380 3472
6100 1389 2406
350 1759 9850
238 4310 8967
4106 4720 15
7876 6747 1455
747 9023 6762
853 1855 8732
5254 9766 386
9893 436 2512
3956 2170 5108
7862 4978 5158
7267 2141 5431
1955 2595 5654
5093 4336 6073
9198 3764 7618
2277 6786 9514
4265 7415 4135
6700 6917 8352
88 4707 2201
5095 5633 547
9406 4573 9820
9640 6458 659
4474 7490 483
6570 4245 9602
9407 763 4499
6549 2526 8888
9597 5825 6298
1570 1905 9086
7757 9341 4085
3655 4756 465
8861 3488 5875
403 5582 1434
2425 787 4836
8870 645 55
5521 5798 1257
5128 1799 6874
1886 5834 9240
5977 7817 3794
9276 6334 252
1108 7443 3893
5760 3531 4971
9878 1249 5612
9828 7282 3258
8636 6322 9099
2675 8849 1347
6281 7512 6183
8242 426 1916
4357 5723 1977
4830 2559 95
6787 331 1293
2667 3958 5028
4107 8244 7835
6593 6898 9590
8741 773 6327
6301 2570 5428
9666 3171 8290
4643 1010 2475
7758 6832 4912
1405 7706 1121
865 8020 7046
6385 9520 1220
9793 152 2075
8928 6503 2666
2940 2555 9246
9027 8810 877
859 8529 6737
8632 9242 4131
5056 1884 2141
1168 1634 5464
8916 9323 2848
4369 7502 2662
789 5848 1983
2037 145 1543
3283 1620 1633
460 5170 923
1103 7658 7637
7457 2438 2188
2888 6303 3834
2587 5104 2998
645 6034 4302
9843 9940 4736
4036 4178 3156
2717 1288 4898
2167 3809 4903
6375 4555 1233
1996 4373 3821
219 9297 2924
3897 645 1461
6495 8454 2209
4734 6249 4512
5300 4433 866
9173 6214 9088
4574 2821 7580
3107 3495 6515
3253 810 172
801 2386 2610
6138 411 6410
1558 7034 7459
1468 6296 8891
93 7110 2912
7314 555 565
4516 4959 412
4638 3353 7185
7968 4077 4713
3132 7167 604
1477 7019 4843
6551 76 3521
2691 45 2861
1588 378 1705
3370 5452 1063
5153 1470 6744
7006 2559 9936
6930 1887 4575
1320 2276 8765
968 3553 7962
6466 2558 3935
9546 1441 8711
2099 4370 7004
6445 5438 8081
199 1828 6066
4217 5437 172
7103 4787 1313
6056 716 7667
9127 2096 5732
7037 6292 6597
8948 4377 6820
5619 705 2851
9035 1739 8255
2614 830 9666
8080 2169 2610
6356 5177 8234
1189 269 3692
8619 5676 9258
8753 8603 493
9243 358 5590
9150 9963 3161
7615 701 6723
867 6189 2513
860 5527 7187
8945 2499 9531
901 5284 466
8903 2168 6360
6749 4444 9577
3207 4411 8887
1713 2711 9558
9989 1751 4081
9651 4793 6230
6181 7077 8988
5744 8747 9183
1076 5876 4493
2010 7864 2092
7875 4454 4547
5690 9055 724
3592 1460 9003
2723 5061 7821
5343 8089 442
726 2583 4901
8155 9317 2468
627
660 165 1058
2175 3933 7006
682 1229 2175
2182 953 8200
5126 4552 2977
970 855 2229
4606 6684 1395
2760 5243 1390
1325 189 8134
7305 6664 981
7762 4051 8036
3955 4748 419
7771 6683 6320
1925 7047 1772
7068 2240 9991
5051 197 8838
2514 6770 3545
2204 6651 8441
3173 6444 7733
7508 2360 8039
3912 2476 6935
2302 1524 2387
6034 6850 6438
2626 3047 7370
857 6693 3526
9462 8671 6794
7317 578 5872
6901 8565 4781
6994 88 1652
42 1322 8673
7172 8934 2594
1764 9387 4763
7019 2123 5885
5061 8421 4795
5336 2340 3005
4169 5774 2337
8101 9933 2072
5012 954 4134
552 7797 467
7933 7104 4945
9237 2142 9857
4175 1119 1189
2887 4628 6978
1221 1715 8228
4080 9231 3257
4810 6682 1121
1244 9530 2626
5165 9494 6933
9880 1371 3452
9757 5283 3825
480 2649 2414
3298 7993 3066
9766 5333 8033
1055 7649 201
158 1879 6721
8053 6947 2566
568 1396 2119
3753 2926 2032
214 4333 7489
6750 2119 8748
4301 4620 1102
3386 5580 7222
2835 31 7920
7630 5491 6406
7999 2045 4293
7734 1517 8389
2143 1054 9904
5770 1497 8374
8160 5089 6002
5011 2414 9798
5091 3516 7783
3252 3889 1659
1720 7617 2087
7382 676 2056
4291 2847 6324
1131 1951 6024
5519 6216 7411
8299 2650 1947
8921 9113 3825
4965 7617 7201
7078 9740 8423
5155 5097 5971
3825 5173 9306
3419 2669 1479
5003 5897 3531
8514 3641 3226
6342 5942 1484
5285 4153 9988
8861 4560 1455
4041 8360 5606
9724 8941 2162
9959 1850 9882
1325 6800 5959
8673 6137 492
3485 4873 5277
4219 7905 7513
7526 2099 3729
3496 1279 2660
9367 8851 8546
5168 9843 1887
2078 8731 9817
5936 3834 6303
1558 6265 648
3075 6473 101
1037 8861 7119
2469 7745 8166
2175 8218 6578
5677 1288 2582
4174 5950 119
6350 1040 5028
1277 3731 9930
2140 2689 3698
357 6013 1250
7992 4660 5445
8848 1673 2784
2709 907 5987
1599 2192 6700
4975 4886 3280
5411 9448 6849
1610 1840 2687
1168 9555 4934
237 7045 1410
1500 3706 2715
8792 2774 9406
5129 637 2164
4343 7783 1453
3098 571 2369
5763 7440 9166
5865 9460 8938
5461 5089 8336
7258 6796 314
3861 3668 2725
423 964 2243
3410 5685 8504
2730 1669 2927
388 1102 2261
6860 5900 3922
3716 1292 2726
7650 2608 8420
162 6693 9878
3158 6441 7469
9117 2581 7218
5088 7634 7239
235 972 64
2299 3173 8630
3827 9101 9744
7636 2157 2935
6554 2828 5272
8715 6402 1724
1388 2479 1025
2716 1540 8887
1244 3633 6060
1401 1363 483
990 6541 7501
7648 5821 4916
8824 8274 49
2107 2603 7647
8421 7184 847
8481 2973 2388
1726 4117 332
6225 4618 4727
7172 3053 4145
5278 1072 5695
6655 3123 6703
4786 6052 1224
8177 3081 4568
7607 2391 9506
7869 8776 9718
6270 372 5991
6908 3007 8642
9349 5766 9938
436 5198 8625
1071 9856 9228
8032 5407 8686
9962 3806 5838
792 1787 2292
1201 4749 4555
9724 1802 524
7030 6215 8953
6416 6920 5053
4837 3174 309
2755 1083 4903
7514 98 2998
8098 7907 7861
7040 4441 9934
3682 968 8863
2256 365 6405
3408 9031 8810
1370 6098 6784
6818 1178 9963
4810 2199 7854
4659 2715 5099
3684 1371 7041
3678 9066 206
9339 215 2587
6135 1193 8373
7785 6259 1153
566 6845 5976
1860 7063 763
662 6944 6397
985 6157 9655
9332 3905 2976
9584 5334 8324
121 1132 1038
5842 5292 4380
717 5064 4608
8338 6733 2377
6747 7061 9797
4464 4814 8616
8716 1636 9137
7549 4097 4669
4303 3430 4250
9478 1318 5068
7499 8308 3896
3588 7274 5606
3013 3951 3729
1278 397 2416
5507 2703 176
1396 9235 2230
4744 1325 5889
1358 8682 5935
566 4015 8937
1791 9874 1239
651 6152 7140
732 4064 1888
1530 5280 9104
7338 3417 9061
3732 9229 6559
3059 6937 3942
6024 1369 4752
1225 5822 864
8073 7806 6884
134 3217 2377
4244 489 8025
7114 2999 6482
4458 5495 6374
885 7078 3895
1614 1734 9008
8256 6873 1758
734 9010 8811
4126 7981 3238
874 9571 1095
6162 1170 6859
2769 6510 3288
407 3800 3372
3629 1937 5837
3091 1189 1392
3757 5804 4424
1945 310 5425
8553 5144 3047
4819 4982 2080
2808 7035 2991
3231 378 7907
3050 4581 144
261 8053 7111
8878 4868 8014
7263 3121 2571
8784 7638 2047
3619 9455 2293
5888 8648 6054
5272 4205 6878
655 1220 6232
8736 7539 539
797 1705 5346
1949 4823 6150
6405 5825 4709
5452 9409 3653
926 8278 8783
642 2627 2418
3051 243 6453
7821 1722 1607
9543 3532 3455
7941 4949 908
6703 9296 4373
4588 2387 1403
444 378 6862
9182 8821 3498
7040 6090 3565
1006 1466 3290
2258 1187 291
3210 4110 984
7483 2716 3246
8725 2510 281
8120 8105 3322
7477 9836 1956
5541 3638 346
3895 5833 2758
6516 5752 4401
5047 6741 6298
9465 5878 5475
6205 4992 2403
657 6466 5921
112 40 2001
147 3912 6296
8558 9822 467
7529 970 3839
375 4790 1334
6542 5696 6412
1789 3725 2019
5855 3378 4995
3343 126 9352
2474 2822 2056
737 9206 4411
2432 2969 2968
7228 6957 5251
6513 5521 8340
8228 3355 7125
970 2079 2868
5621 3204 1249
5980 7831 6002
7918 6465 797
140 9803 9561
7722 2267 5022
7393 6404 9003
4067 9075 6874
47 2080 8829
72 934 6555
1663 4889 5773
3659 1044 6492
9365 9372 870
3258 6438 343
6332 5223 9988
640 9045 1383
5569 6994 5657
1523 1651 3336
2541 6060 6903
7694 1784 656
2822 5448 6772
1226 247 3888
2423 5214 678
9766 6834 8405
3347 1987 7705
8246 9150 2238
2453 9111 7010
3539 1527 2610
47 1649 1710
6250 8556 4419
3818 9520 2060
8929 9266 1953
9601 1496 3475
7795 3471 567
3817 6096 5378
1707 3283 1665
8722 7806 8354
9999 5798 763
419 7142 9943
2709 5358 2700
2966 9336 189
5248 1713 2160
7392 1142 4274
1657 3025 3186
2920 1047 6036
1250 9802 9271
6417 1921 345
3382 5748 5866
2533 8448 7333
7242 7635 5819
2068 6153 5022
437 4039 2137
9228 7596 9208
2192 8866 7069
7784 2211 1978
7774 8137 8740
6355 3664 2810
94 3434 6143
7907 621 280
1132 5156 5204
2732 349 3626
6681 2075 7699
866 8051 1525
6060 432 1223
9370 1338 6818
3103 8604 5685
1808 9997 1702
8620 519 4671
718 7793 2375
3667 1799 4262
1898 2428 2618
1266 6086 4309
7333 312 9588
9334 9909 5674
2129 5381 4241
7290 4309 8734
7910 9778 4707
7478 9434 6021
5488 8780 3771
5636 4360 2658
8472 3573 685
6027 6291 9138
1473 1157 9237
9454 406 8664
7922 2925 259
1135 1631 2500
2330 6615 1713
7886 5992 4662
71 8033 6013
191 6411 2577
1645 1810 4149
179 4230 9448
7761 1829 3314
9296 5922 1676
6943 1668 5191
7133 7822 7680
1084 2688 2537
1667 8980 8978
792 518 1062
4970 5510 9613
1302 4350 2447
8060 5141 2711
1436 6317 1579
5571 6643 2895
4148 9353 5177
5840 4649 7682
9321 7998 1841
8326 4474 1754
8151 3780 1275
3342 6782 1895
5282 4097 1650
9525 2022 440
3617 713 9721
7663 8378 6660
9690 8841 3140
239 8970 3316
9778 5092 2462
3329 2837 9102
36 5539 6515
4158 41 6917
1303 7551 6218
864 3977 9500
6058 701 6976
1249 5460 6392
9333 2528 497
583 1817 4069
9003 9178 7369
1643 1987 1474
4401 1152 1776
166 1903 4806
9498 6052 90
5436 7094 7317
2579 8509 50
4388 6778 2295
4612 2816 1700
2367 4766 4288
7723 2563 2148
7607 4759 6287
3073 8489 9324
2596 6295 7420
5459 486 2485
2114 1070 2725
1806 7190 5062
9151 2696 8068
1511 6579 2722
191 511 6505
8009 8221 3635
1120 6557 197
5362 9736 704
5917 7326 9698
6383 8189 8872
4325 8883 6424
1867 3042 3834
2699 652 1322
4194 6566 2128
4974 8758 2572
1343 8102 1708
598 9255 4358
6573 5948 372
3839 3063 7398
9519 9010 1648
3536 7141 9515
1772 2397 8729
4763 81 6861
5276 3285 3481
8498 5436 1406
1271 8031 1387
383 6078 1730
5682 1644 6126
8500 1525 506
2608 6526 2248
765 9588 4702
5810 2079 8504
8938 369 9944
4268 3940 9247
602 997 3503
9012 2412 1167
2673 4539 4938
70 1882 3705
3259 1494 6132
2171 4483 4993
6218 480 1641
49 9262 3736
875 2399 8742
2426 2625 772
4535 652 9968
8685 2245 9054
7585 2772 3850
4616 3425 9677
7877 3814 8697
9614 68 5136
6112 147 4885
7183 7536 768
7737 3085 3126
1049 9994 4701
526 782 6655
891 5375 1691
3646 8692 1891
4463 8017 2137
3098 8555 332
3424 9439 9774
7869 7628 1339
6734 1957 1182
9096 4601 8054
9340 3352 781
4670 2224 3352
1685 5715 9140
6415 9429 415
3518 588 808
3503 2006 8511
7400 2582 4111
3413 845 39
9093 634 4921
3426 6532 5115
3988 4478 2986
7210 3892 1305
8654 21 2144
1772 656 5512
52 3523 514
2610 7655 1579
1368 8118 1179
7292 4380 4996
2357 6185 7829
8375 3614 8005
8681 1903 9257
9753 6129 4882
4182 1156 7340
3134 7014 5058
6774 691 3216
7728 1898 7807
7043 5390 3446
2137 2525 5381
5198 3314 1724
1628 2676 3465
7683 3734 8310
9454 8623 2958
8648 4921 9723
2038 1332 44
736 4908 1071
2806 4545 8814
2973 6313 598
8255 312 4687
3879 3258 8925
8409 7643 791
248 8711 3505
4140 1954 4207
9888 6118 8199
1479 9018 4488
5069 1781 2870
834 8737 2778
3934 8054 2580
1946 5062 5367
3511 7184 879
6659 7618 5071
538 2739 6011
8683 4496 3776
4149 4585 5970
7592 1287 6005
7613 3905 8223
1363 5328 6990
2742 9896 7249
6047 8182 2201
2300 9326 8969
6644 6205 6807
260 9006 9345
3943 3204 1852
1736 985 824
998 7678 4221
7727 5545 7018
2874 1859 5485
678 7701 9366
742 9088 8883
1403 2094 6528
4603 4857 147
5739 8719 2763
3436 1959 3820
1148 8450 3345
2368 4833 1997
8171 6412 2343
5517 3018 539
3967 5594 8303
3634 2663 270
8324 3671 1868
321 2617 1382
8188 5909 6863
2898 736 2499
326 8122 6938
5381 6178 5549
8731 6422 5731
286 6040 1399
7365 2603 5006
4052 1012 1162
8307 9030 9796
1317 2287 9258
2257 6185 3756
6674 5698 1945
3946 5082 7044
2776 982 4077
8596 1943 1995
1257 3756 3835
3033 5969 546
4722 9589 7970
8429 8536 4210
4872 2618 981
3375 1569 558
8474 5200 3554
9869 5644 1857
985 4298 8351
9768 1571 2159
3990 1035 8238
767 2458 8082
5906 7323 9114
3726 8140 8066
8642 7130 1243
6332 2847 1
5294 9449 4049
8400 493 5733
5874 2558 7528
7695 2822 4793
7725 2699 9619
650
5550 7636 660
9260 5185 5654
1784 1424 106
5323 1776 1605
7190 292 8121
3967 5993 1514
7191 853 4267
1157 3 7671
175 6893 1574
6400 8004 7551
3318 8408 591
355 8656 5182
3384 7772 4231
5316 3092 7951
5643 1018 1827
9816 1806 4000
2907 6153 1283
5062 7253 2739
6424 9143 4678
4970 9094 2709
7936 21 7830
4198 7210 5572
8534 544 142
7413 4509 497
2770 3287 2587
994 2633 6192
9924 2988 7258
6189 1582 9612
9121 3049 7321
6915 2165 4592
2815 7921 1418
2147 6924 3443
1239 6750 4256
2282 3467 1512
3394 6223 9564
9324 6823 8772
1616 7750 1220
9052 6719 6799
6288 6397 681
1693 365 5093
4052 3541 7577
6779 2408 3010
5391 1656 2191
5242 5492 4485
4199 1279 991
8678 7578 9171
5512 6600 4688
6016 3765 1703
8179 2743 1008
7859 2803 8712
2557 1940 2667
4721 4555 4571
468 4890 1816
2347 1560 7520
8250 712 474
6656 5660 3743
132 8295 453
5574 7825 4024
6655 4613 4972
2205 7687 6982
9193 3953 3616
8184 9554 1694
7869 9898 2453
8803 271 7654
7292 5176 8715
3372 1564 6324
1248 4225 9763
4511 2551 1799
4299 6308 7244
3919 9652 7417
1212 60 6385
7698 9823 8714
8242 9298 9048
1903 3586 36
1387 4944 9314
9386 7711 5416
4037 3235 3700
7092 5453 6290
8422 226 8518
3373 1138 5452
3986 6803 3880
3935 6517 7265
2946 5345 1473
1335 1492 8578
4693 2614 4053
2978 1233 4749
6237 340 2830
3541 8911 9009
939 1689 3785
3584 2187 2762
7737 3668 1725
2834 9858 4294
4556 3175 1312
9589 137 8419
6008 156 9429
3761 5412 7443
1411 2682 1630
4952 2941 7666
2106 799 870
6652 1768 679
912 2453 234
8256 7535 8639
723 1834 8302
2988 1505 4351
944 6287 8045
5716 5978 509
9169 6491 6351
5257 9705 9373
4971 2001 1228
8518 1877 9475
2908 5329 9294
7460 7309 295
8063 2466 2691
3330 5619 7464
1135 7766 448
8562 3227 7650
9196 3090 7283
2435 77 6898
2615 4266 2353
4443 782 6847
9807 3574 2381
2966 3070 8768
4201 3329 1941
7683 9385 3334
8275 8867 8831
9362 5488 8454
6281 3358 8467
6008 9971 1746
3061 1613 2687
6375 1349 4392
6296 161 4190
252 2770 4028
6342 6097 1638
2294 8713 4474
9070 5246 7030
964 4252 8364
2119 9825 4879
1857 1543 4198
1240 592 2223
6834 4122 7453
3825 7216 1553
9764 9305 398
8532 5037 7744
671 4142 4591
2675 9214 185
7475 9316 6260
8076 8155 4543
6124 5798 4402
704 5173 6123
7605 3699 2344
4064 8099 8939
2555 6897 6657
3111 20 7067
289 1507 7986
22 9011 7339
2328 3043 7276
9861 8763 2007
4583 4479 1455
1526 1098 7670
6877 3444 42
2841 4744 1528
9457 6989 8784
2626 8767 5554
5782 4878 2926
7462 1201 313
9579 7129 7664
2595 9682 3457
5681 1542 4889
95 6738 8118
5359 385 8758
4746 4854 4217
6826 7402 448
5566 7480 1129
5414 257 3932
8645 3870 1043
6053 2605 8941
3989 1422 1202
267 3264 1262
2128 8775 8775
3549 4575 5611
697 1768 902
8690 8843 8198
8287 6070 630
7259 289 8382
8364 8605 9689
4584 4977 1478
8282 4980 776
6618 1400 3458
8043 2953 6847
107 1583 5815
73 1894 3287
2826 8271 5124
6952 9123 4351
4638 973 2705
1776 9152 9163
754 1202 2613
7592 2380 4217
4197 2328 5227
7596 1452 3848
8012 5960 9677
1567 5353 123
3719 129 8661
7006 1894 5222
6683 4242 7773
2682 2674 2750
595 3927 7524
2087 8812 5584
6239 8306 8330
9934 507 8838
9763 5105 1357
6294 5204 991
795 413 7750
4337 897 8282
6432 5086 8612
5710 2109 2983
9221 4164 2512
3142 2872 353
9045 2945 5430
5004 506 9635
9136 1583 4446
6300 4949 8462
4104 1335 4197
6808 2891 6317
966 1532 3096
6121 7767 1150
357 9164 8676
3530 9933 9281
5881 8647 792
9267 9370 4256
6317 8381 7379
6927 4869 4755
9483 5803 7953
7760 9967 4276
1359 4847 9036
7212 3176 8189
6588 3128 1310
1343 6101 3847
3748 8496 6286
7026 3774 6974
8979 7029 2748
2342 9387 8909
3712 6156 4393
8211 792 7408
2096 7960 1448
8765 1242 2337
4888 9300 8170
8852 4302 2473
2529 6371 2845
3388 638 5722
6558 1322 1145
8084 6478 2437
1666 7906 1432
6257 5077 9374
5284 6640 5233
7645 2001 9745
5226 2179 3374
2213 5195 7404
3679 3874 8799
6152 4734 1307
6146 4070 1025
8703 4260 3204
1115 497 8606
4470 101 873
6744 5701 2093
8265 9146 7754
9631 5058 130
4731 708 8903
997 805 5401
4162 649 4796
9393 519 2370
4350 6829 4502
2683 6430 2731
340 4184 9328
1261 9724 2266
2928 4972 4305
419 120 9804
4808 1067 81
1425 2260 5729
186 3203 322
6389 3863 3726
9574 1222 7947
6940 773 7816
2826 6023 4997
3032 9544 842
4290 1555 2278
1208 3234 9060
3982 2991 4699
7420 6573 5918
9923 199 2384
1365 9400 301
4242 6027 2402
2502 6421 7638
4102 1489 4015
8150 6716 2134
5127 9779 4419
3259 6000 1177
8275 4660 453
1281 7731 4543
805 2578 5980
335 5042 247
1278 9862 7844
2594 7682 1129
8739 5745 2207
5343 1573 433
8657 8058 725
9553 5559 7529
133 488 795
7469 3589 1769
8040 6522 404
1189 6503 8880
7046 3522 4202
2363 9302 2811
3309 4376 2974
4167 106 1450
1942 1119 4268
795 5625 490
3222 4950 1742
1676 9684 1781
3781 7631 9826
4486 4016 1231
8476 4772 852
9869 3718 5523
2576 6828 861
7403 2910 3584
8413 6153 8743
3688 5141 9923
9292 697 8520
8682 3378 1437
7509 8085 4366
7051 4585 9995
4081 6345 6403
3761 7397 4048
969 4101 9881
3423 9433 4954
8666 7986 578
7302 7699 7476
4852 7368 293
1587 2629 2317
6922 627 8822
3684 551 9830
485 8881 1297
5402 5700 6720
1185 6899 5466
1595 4458 1067
6265 9661 538
1911 2880 8711
7248 7052 1729
8482 7373 5122
7861 3719 9742
8103 4623 3772
489 775 7455
5712 7381 3131
3768 2409 2431
7039 4019 4699
570 7929 581
2043 6231 1510
9967 5701 2390
8375 9477 2667
3916 2109 8289
9487 229 8576
2360 1427 1435
3542 1021 6559
7847 9490 7221
1939 7688 3627
9035 7150 738
6336 3589 9438
8089 9640 3783
2328 9150 9870
2086 2746 3481
2828 1887 2191
7800 9223 8697
3779 5286 9564
7848 6231 6463
5834 6356 4312
9219 4672 2986
8651 1274 2776
2945 2604 3095
3540 1872 1383
6272 4119 4461
1126 5964 1944
3929 1437 2894
4147 2282 4146
4113 816 9129
8272 8021 8744
6222 8110 8393
3189 9480 412
9513 8969 2753
9118 5642 8226
4610 9932 4595
636 6259 8104
9743 1896 8053
7265 2512 7148
8211 8200 166
5354 4422 7730
5568 6198 5545
9806 6754 8274
9421 9607 3815
8028 6334 7211
7529 2026 741
8237 7680 8629
814 3560 6759
8436 5197 9525
6373 3418 8029
8431 9258 1779
585 2853 1480
331 5039 992
485 2335 6545
7685 3566 9992
6222 4701 2429
3813 3537 3603
5646 1464 680
8030 1903 2325
4663 8496 7990
7846 2494 749
2919 9234 8377
4464 854 8511
1862 2843 7642
2789 2956 4830
6403 4597 1402
58 1422 5770
7406 3766 4102
2207 7624 1633
7468 8706 5821
1497 4666 5015
4352 3420 85
2943 3086 8285
2578 2266 2392
2729 9226 1435
823 9962 3761
1276 5611 1339
5763 626 6820
6270 5215 8081
2629 5147 7625
2195 6406 1817
1963 901 25
7058 3259 8675
5599 2610 9331
4517 6684 9296
8109 2314 7912
736 5325 8084
3495 1720 5812
9956 9084 1858
9410 6007 3129
8930 1180 1792
4218 1480 3694
9481 7923 168
6194 2741 2406
6168 9282 3416
2314 4617 1802
2776 9288 6314
4578 1077 1688
5033 2106 4808
4332 2779 5367
2600 5771 1231
9885 1506 7121
4014 237 7818
2900 3605 8978
4765 2826 1958
1622 1273 7770
348 7994 6255
3920 4590 6022
2168 6037 1926
9821 614 3837
18 5557 3100
9187 9882 4597
8657 1347 1683
224 8208 6262
3347 1874 4915
6243 8950 4872
4562 3523 8801
6245 6727 2534
2197 2417 8500
6069 934 1540
583 632 3293
6245 748 153
602 3580 1107
8728 1022 3310
2644 1296 488
4250 2208 409
3150 271 2218
9263 1871 3521
1478 2532 7271
316 4145 6066
5714 7256 8466
8884 6596 1950
7406 8501 9769
5273 34 5624
1768 176 4509
505 1245 1187
7899 3140 3767
2852 106 8358
3807 6969 2806
304 6683 4527
7336 6755 5042
3297 1327 2824
2657 2681 7405
2207 573 7221
2693 2299 5161
9758 6883 2843
6954 9637 2093
7852 8745 5903
5480 6158 5050
67 7391 3380
8811 881 463
2544 46 7238
6774 5054 4634
7773 6462 8463
8559 9912 6884
3545 1177 319
9774 3709 8535
8423 5437 8026
3068 9271 5295
7232 7318 2008
1383 7655 765
1771 3921 2593
2510 7455 1264
5469 1032 4819
5531 6445 5463
2936 5416 2522
6832 75 119
487 332 6546
1891 2740 2152
5525 8964 5364
2987 1087 5320
785 2858 2308
3955 2510 8265
8037 6261 9564
5251 9666 6955
1777 4300 6064
2712 5223 9573
3803 1781 7009
6272 414 5959
6675 8452 9328
7297 5250 2323
3009 4745 4330
7978 1397 9279
1583 9337 7712
6539 5669 499
1955 2774 9300
4280 6470 973
470 8353 71
8321 3555 2636
8305 2690 7344
393 5297 8029
1875 2404 6421
5747 7146 9445
1734 5532 9388
4564 7079 2956
479 5952 2350
9189 3068 4193
3203 5709 9921
6396 2934 7458
7925 3592 5910
3211 9553 671
4607 1360 8365
3735 6308 493
3689 2082 7038
5283 877 675
6915 4143 5218
9521 2538 2095
819 2416 5486
2978 8062 2894
241 3840 3296
1196 9091 9194
9248 2414 2227
8883 9834 6405
5061 1695 1247
9450 6517 8026
5754 6749 9867
2045 2246 624
9696 1548 5039
3517 1648 2147
7751 8543 8095
1811 362 7088
49 2856 2435
5790 3077 1885
608 2851 8017
8145 9940 6613
3172 187 2940
2524 8760 4684
6756 4643 327
2837 4666 6112
2960 8665 1906
7 9161 2644
6268 5259 6695
2492 7956 9702
6940 8582 7001
8940 9616 6412
5488 139 6563
5118 5033 1782
1058 5094 1234
4003 6424 2641
5082 2240 2567
219 745 989
8823 1770 4607
3126 6046 1406
250 1792 3552
4119 6236 1814
1705 3607 3675
2564 8969 5865
2154 7268 6096
5155 9305 4327
3770 9032 889
7991 3788 6113
1155 8394 1792
4317 8185 7689
5293 7286 3821
1202 9211 3335
7520 347 6309
2922 8654 7928
3695 9638 9800
3006 6154 7290
9121 2745 6406
8083 3134 5643
9048 3428 9016
7862 1036 2342
1796 8300 9037
7293 1540 3045
1234 5230 9279
1921 1787 862
1871 9006 3373
573 3754 6444
5385 1699 2739
5119 9396 7257
385 4293 3715
5323 6880 2073
5013 7596 3910
2199 8213 7434
6345 3937 2432
5732 6384 7345
2212 1706 5911
7311 6122 2500
711 1846 2581
4662 9509 8818
4363 946 6586
925 7796 2734
1827 4138 1504
455 2217 1745
2238 4262 4003
1997 4939 466
5691 9778 6295
3047 7887 1395
5550 3413 2121
9667 3941 5772
8849 2714 5652
6006 5969 7642
403 7141 6537
6979 1016 2064
6388 1652 9632
7640 5882 4082