2
1
21
10
2
11
19
12
5
6
8
14
11
8
17
15
20
25
25
18
17
20
22
20
17
15
14
15
12
10
10
10
9
17
31
15
9
18
18
1
3
9
3
6
12
11
20
3
6
14
12
14
14
18
4
10
2
4
6
1
11
9
10
11
28
28
18
8
14
20
14
1
3
11
4
4
20
11
21
7
4
11
3
11
2
2
1
6
0
2
4
0
11
10
10
12
4
9
26
8
3
21
8
4
6
11
3
2
19
9
19
15
15
18
12
14
3
1
9
11
7
5
11
12
12
10
10
12
1
11
26
4
5
21
8
3
23
19
7
16
21
10
12
9
10
18
15
16
16
14
17
20
8
3
3
8
11
10
10
11
6
2
28
19
15
27
9
2
17
22
13
19
30
9
5
6
9
9
11
11
17
21
4
3
6
1
0
9
9
11
8
12
18
10
18
23
24
23
31
30
33
35
25
36
35
7
8
9
16
20
19
14
13
6
3
4
4
3
1
9
5
10
10
13
13
4
1
1
15
15
27
12
14
17
46
36
5
9
15
23
31
40
55
50
39
9
15
16
7
3
2
7
2
9
11
13
19
9
6
2
15
8
26
8
4
11
61
9
6
8
21
34
50
64
68
68
67
29
19
19
19
17
16
15
12
11
11
13
29
13
10
10
21
5
24
9
4
8
32
7
6
8
17
42
62
69
69
69
68
51
16
8
17
8
12
6
10
12
12
14
20
31
36
32
20
16
31
27
25
14
7
6
6
12
26
48
65
68
68
68
68
52
12
1
8
0
9
0
3
5
12
13
25
25
24
18
1
4
32
16
16
8
12
4
11
19
44
65
68
68
64
64
68
55
10
2
8
2
10
4
5
5
11
13
6
9
12
22
18
23
30
9
9
11
10
12
8
18
47
63
62
59
61
47
63
41
11
16
16
18
15
16
14
11
11
13
0
3
13
20
21
28
31
4
9
14
11
15
30
21
48
66
64
55
46
50
60
31
15
13
11
15
7
13
12
12
11
12
0
2
13
7
2
11
31
14
11
14
16
18
22
48
58
68
68
62
66
54
66
27
11
6
11
7
2
8
13
12
11
11
0
2
24
16
4
14
14
21
13
15
16
17
29
50
61
69
68
67
64
66
68
55
16
9
15
10
6
8
12
12
11
11
0
1
16
9
17
31
29
20
11
12
13
18
27
52
61
67
68
68
68
66
63
57
13
12
13
6
13
12
12
11
10
10
0
1
13
5
13
15
14
14
12
11
14
16
8
14
58
68
68
68
68
68
64
54
13
10
10
14
12
12
11
11
9
11
13
14
13
4
13
13
13
15
12
14
12
17
9
9
52
69
69
68
68
57
57
32
12
10
10
12
12
12
10
9
8
11
22
21
12
3
12
16
14
11
13
14
11
15
11
7
41
60
68
69
68
68
61
19
13
13
13
12
11
11
10
9
9
5
7
4
2
4
13
13
12
8
9
12
10
17
13
8
29
49
54
66
69
68
56
8
11
11
11
12
11
10
10
8
6
0
11
6
1
4
10
15
10
10
10
11
8
13
16
9
16
47
51
40
50
59
35
7
2
11
13
14
15
11
8
10
10
6
2
4
1
4
11
13
6
7
7
7
5
11
12
9
22
37
53
31
35
10
8
4
4
14
17
15
13
10
1
2
1
1
3
5
6
9
9
12
9
5
3
3
5
13
10
11
27
45
61
60
34
10
11
7
7
7
9
13
12
7
1
2
1
0
25
25
24
23
14
11
9
5
4
4
5
9
10
13
27
50
59
65
29
10
7
9
5
8
11
10
11
5
0
0
0
0
7
5
5
9
11
10
5
4
4
2
4
3
7
17
37
57
65
69
54
25
9
10
6
11
10
9
9
4
0
0
0
0
0
0
3
10
10
7
7
6
7
3
3
4
6
42
61
67
69
69
69
22
13
10
7
12
9
8
9
3
0
0
0
0
0
0
4
10
10
9
11
9
11
10
6
11
12
56
70
70
70
70
52
12
13
11
7
11
9
10
8
1
1
2
2
4
0
0
5
9
9
9
12
9
9
10
10
11
12
16
46
68
70
54
16
13
12
11
8
9
8
10
9
2
1
2
3
9
0
0
4
9
8
8
10
9
7
9
10
10
11
14
14
14
18
12
12
11
12
12
9
7
9
10
10
3
1
5
5
9

0 0 0 0 0 0 0 0 0 0 0 0 0 0 0 0 1 0 0 0

24
22
21
20
18
17
15
13
12
11
9
7
11
10
11
8
4
7
10
13
14
15
16
17
18
20
20
21
22
23
23
23
23
23
21
20
19
17
16
15
13
12
10
11
14
11
13
10
7
10
14
15
16
17
18
19
20
20
21
22
22
22
23
23
24
22
21
20
19
18
17
15
15
14
13
14
16
11
15
14
11
14
16
18
19
19
20
20
21
21
22
23
23
23
24
24
25
24
23
22
22
20
19
18
17
16
15
17
19
14
18
17
15
18
20
21
22
22
23
23
24
25
25
25
25
25
26
26
24
24
24
23
22
21
20
19
18
17
17
18
20
16
20
19
17
19
21
21
22
23
24
24
25
25
26
26
26
25
25
25
25
24
24
23
22
22
21
20
19
18
18
19
22
17
20
17
16
15
17
21
23
24
25
25
25
26
26
26
26
26
25
25
25
24
24
24
23
22
22
21
20
19
18
21
24
15
12
16
14
7
6
5
10
22
25
26
26
27
27
26
26
26
26
25
25
25
24
24
24
23
23
22
21
21
19
22
18
7
8
12
10
8
6
7
2
5
23
27
27
27
28
27
26
26
26
26
17
25
26
26
25
24
23
26
23
22
21
15
10
4
7
8
7
14
18
11
4
2
12
28
28
27
27
27
27
26
26
26
20
27
27
30
26
25
26
23
24
23
15
13
10
5
13
17
17
41
29
20
9
1
1
22
28
27
27
28
27
26
26
26
9
15
10
3
10
0
8
7
7
24
12
11
12
8
17
20
19
68
105
79
52
29
19
20
28
29
28
28
27
27
27
26
3
1
2
0
10
3
6
5
7
25
9
6
12
11
9
13
24
54
109
114
114
110
75
30
29
29
28
28
28
28
27
27
3
0
14
16
21
10
11
27
28
26
10
6
12
7
4
2
16
31
97
114
113
112
88
33
29
29
26
23
20
18
16
14
20
25
24
29
22
6
5
8
22
25
6
11
8
37
24
9
16
42
105
113
113
105
97
35
21
20
20
21
23
24
24
22
16
26
16
0
13
2
2
1
24
22
3
8
13
107
76
33
35
81
77
88
87
55
61
39
26
20
12
28
28
28
27
25
8
3
5
1
10
0
8
1
25
13
3
4
25
112
96
54
66
113
111
65
64
36
50
21
30
26
12
29
28
28
27
26
7
3
13
24
18
3
5
1
18
5
8
2
19
105
105
105
96
115
115
110
75
64
80
33
31
28
27
29
29
28
27
25
13
4
20
32
32
32
29
27
29
22
18
2
17
90
107
112
97
111
115
115
87
76
102
73
31
30
30
30
28
27
26
24
25
35
32
16
29
25
24
22
23
25
29
4
18
78
104
105
101
112
116
116
112
75
93
88
26
27
31
30
29
27
26
23
22
27
24
0
15
2
10
9
6
4
17
10
42
99
97
79
101
113
115
114
91
86
67
35
6
14
30
28
27
25
23
20
14
15
14
0
11
1
9
9
4
5
15
24
67
102
103
65
102
113
111
107
73
87
53
29
8
12
22
28
26
24
21
16
1
16
14
22
30
29
31
28
35
24
41
34
79
105
107
66
87
106
106
96
95
98
38
29
7
4
11
22
26
24
20
15
0
16
20
10
20
26
27
22
30
29
72
43
87
105
112
80
58
76
93
91
100
100
29
29
9
11
16
22
25
22
18
15
0
14
20
0
10
24
24
50
85
85
71
71
93
104
113
98
78
59
58
74
86
95
48
32
17
2
8
13
29
19
15
14
0
12
12
1
43
96
117
118
118
99
82
84
97
106
117
110
105
81
46
48
55
79
96
100
76
23
10
2
11
13
16
16
0
10
23
92
119
119
118
118
118
96
104
83
105
105
116
114
111
80
62
78
78
114
108
112
115
95
18
1
2
32
31
31
0
11
84
117
119
118
118
118
118
103
113
84
113
107
116
114
96
88
103
101
113
115
115
115
114
114
78
5
4
31
30
29
7
33
115
117
118
118
118
118
118
110
94
94
109
110
116
110
108
103
115
110
114
115
114
114
114
113
113
23
3
29
29
29
0
65
119
116
119
118
118
118
118
106
100
110
112
114
116
116
116
108
113
115
115
114
114
114
114
114
114
86
8
22
29
28
8
104
117
115
119
118
118
118
118
117
102
102
107
118
117
117
115
95
115
115
115
115
114
115
108
114
113
110
12
7
25
27

0 0 0 0 0 0 0 0 0 0 0 0 0 0 0 0 0 0 0 1