2
1
21
10
2
11
19
12
5
68
8
14
11
8
17
15
20
25
25
18
17
20
22
20
17
15
14
15
12
10
10
10
9
17
31
15
9
18
18
1
3
9
3
6
12
11
20
3
6
14
12
14
14
18
4
10
2
4
6
1
11
9
10
11
28
28
18
8
14
20
14
1
3
11
4
4
20
11
21
7
4
11
3
11
2
2
1
6
0
2
4
0
11
10
10
12
4
9
26
8
3
21
8
4
6
11
3
2
19
9
19
15
15
18
12
14
3
1
9
11
7
5
11
12
12
10
10
12
1
11
26
4
5
21
8
3
23
19
7
16
21
10
12
9
10
18
15
16
16
14
17
20
8
3
3
8
11
10
10
11
6
2
28
19
15
27
9
2
17
22
13
19
30
9
5
6
9
9
11
11
17
21
4
3
6
1
0
9
9
11
8
12
18
10
18
23
24
23
31
30
33
35
25
36
35
7
8
9
16
20
19
14
13
6
3
4
4
3
1
9
5
10
10
13
13
4
1
1
15
15
27
12
14
17
46
36
5
9
15
23
31
40
55
50
39
9
15
16
7
3
2
7
2
9
11
13
19
9
6
2
15
8
26
8
4
11
61
9
6
8
21
34
50
64
68
68
67
29
19
19
19
17
16
15
12
11
11
13
29
13
10
10
21
5
24
9
4
8
32
7
6
8
17
42
62
69
69
69
68
51
16
8
17
8
12
6
10
12
12
14
20
31
36
32
20
16
31
27
25
14
7
6
6
12
26
48
65
68
68
68
68
52
12
1
8
0
9
0
3
5
12
13
25
25
24
18
1
4
32
16
16
8
12
4
11
19
44
65
68
68
64
64
68
55
10
2
8
2
10
4
5
5
11
13
6
9
12
22
18
23
30
9
9
11
10
12
8
18
47
63
62
59
61
47
63
41
11
16
16
18
15
16
14
11
11
13
0
3
13
20
21
28
31
4
9
14
11
15
30
21
48
66
64
55
46
50
60
31
15
13
11
15
7
13
12
12
11
12
0
2
13
7
2
11
31
14
11
14
16
18
22
48
58
68
68
62
66
54
66
27
11
6
11
7
2
8
13
12
11
11
0
2
24
16
4
14
14
21
13
15
16
17
29
50
61
69
68
67
64
66
68
55
16
9
15
10
6
8
12
12
11
11
0
1
16
9
17
31
29
20
11
12
13
18
27
52
61
67
68
68
68
66
63
57
13
12
13
6
13
12
12
11
10
10
0
1
13
5
13
15
14
14
12
11
14
16
8
14
58
68
68
68
68
68
64
54
13
10
10
14
12
12
11
11
9
11
13
14
13
4
13
13
13
15
12
14
12
17
9
9
52
69
69
68
68
57
57
32
12
10
10
12
12
12
10
9
8
11
22
21
12
3
12
16
14
11
13
14
11
15
11
7
41
60
68
69
68
68
61
19
13
13
13
12
11
11
10
9
9
5
7
4
2
4
13
13
12
8
9
12
10
17
13
8
29
49
54
66
69
68
56
8
11
11
11
12
11
10
10
8
6
0
11
6
1
4
10
15
10
10
10
11
8
13
16
9
16
47
51
40
50
59
35
7
2
11
13
14
15
11
8
10
10
6
2
4
1
4
11
13
6
7
7
7
5
11
12
9
22
37
53
31
35
10
8
4
4
14
17
15
13
10
1
2
1
1
3
5
6
9
9
12
9
5
3
3
5
13
10
11
27
45
61
60
34
10
11
7
7
7
9
13
12
7
1
2
1
0
25
25
24
23
14
11
9
5
4
4
5
9
10
13
27
50
59
65
29
10
7
9
5
8
11
10
11
5
0
0
0
0
7
5
5
9
11
10
5
4
4
2
4
3
7
17
37
57
65
69
54
25
9
10
6
11
10
9
9
4
0
0
0
0
0
0
3
10
10
7
7
6
7
3
3
4
6
42
61
67
69
69
69
22
13
10
7
12
9
8
9
3
0
0
0
0
0
0
4
10
10
9
11
9
11
10
6
11
12
56
70
70
70
70
52
12
13
11
7
11
9
10
8
1
1
2
2
4
0
0
5
9
9
9
12
9
9
10
10
11
12
16
46
68
70
54
16
13
12
11
8
9
8
10
9
2
1
2
3
9
0
0
4
9
8
8
10
9
7
9
10
10
11
14
14
14
18
12
12
11
12
12
9
7
9
10
10
3
1
5
5
9